(0 52 55 1/2 3)
(0 55 57 1 2)
(0 59 59 1 1)
(0 64 62 1 0)
(1/2 54 56 1/2 3)
(1 55 57 1/2 3)
(1 55 57 1 2)
(1 59 59 1 1)
(1 64 62 1 0)
(3/2 54 56 1/2 3)
(2 52 55 1/2 3)
(2 59 59 1 2)
(2 64 62 1 1)
(2 67 64 1 0)
(5/2 50 54 1/2 3)
(3 48 53 1/2 3)
(3 59 59 1 2)
(3 64 62 1 1)
(3 67 64 1 0)
(7/2 47 52 1/2 3)
(4 45 51 1/2 3)
(4 60 60 1 2)
(4 64 62 1 1)
(4 69 65 1 0)
(9/2 43 50 1/2 3)
(5 42 49 1/2 3)
(5 62 61 1 2)
(5 69 65 1/2 1)
(5 69 65 1 0)
(11/2 38 47 1/2 3)
(11/2 66 63 1/2 1)
(6 43 50 1 3)
(6 62 61 1 2)
(6 67 64 1 1)
(6 71 66 1 0)
(7 55 57 1 3)
(7 62 61 1 2)
(7 67 64 1 1)
(7 71 66 1 0)
(8 43 50 1/2 3)
(8 62 61 1 2)
(8 67 64 1 1)
(8 71 66 1 0)
(17/2 45 51 1/2 3)
(9 47 52 1/2 3)
(9 62 61 1/2 2)
(9 67 64 1 1)
(9 74 68 1 0)
(19/2 52 55 1/2 3)
(19/2 59 59 1/2 2)
(10 45 51 1/2 3)
(10 60 60 1/2 2)
(10 67 64 1/2 1)
(10 72 67 1 0)
(21/2 50 54 1/2 3)
(21/2 62 61 1/2 2)
(21/2 66 63 1/2 1)
(11 43 50 1/2 3)
(11 62 61 1 2)
(11 67 64 1 1)
(11 71 66 1 0)
(23/2 47 52 1/2 3)
(12 48 53 1/2 3)
(12 64 62 1/2 2)
(12 67 64 1 1)
(12 69 65 3/2 0)
(25/2 45 51 1/2 3)
(25/2 60 60 1/2 2)
(13 50 54 1 3)
(13 57 58 1/2 2)
(13 66 63 1 1)
(27/2 62 61 1/4 2)
(27/2 69 65 1/2 0)
(55/4 60 60 1/4 2)
(14 43 50 2 3)
(14 59 59 2 2)
(14 62 61 2 1)
(14 67 64 2 0)
(16 54 56 1/2 3)
(16 62 61 1 2)
(16 66 63 1 1)
(16 69 65 1 0)
(33/2 52 55 1/2 3)
(17 50 54 1/2 3)
(17 57 58 3/2 2)
(17 64 62 1 1)
(17 69 65 1 0)
(35/2 48 53 1/2 3)
(18 47 52 1/2 3)
(18 63 61 1/2 1)
(18 71 66 1 0)
(37/2 51 54 1/2 3)
(37/2 55 57 1/4 2)
(37/2 66 63 1/2 1)
(75/4 54 56 1/4 2)
(19 52 55 1/2 3)
(19 55 57 1/2 2)
(19 59 59 1/2 1)
(19 67 64 1 0)
(39/2 48 53 1/2 3)
(39/2 60 60 1 2)
(39/2 64 62 1/4 1)
(79/4 63 61 1/4 1)
(20 45 51 1/2 3)
(20 64 62 1 1)
(20 66 63 3/2 0)
(41/2 42 49 1/2 3)
(41/2 57 58 1/2 2)
(21 47 52 1 3)
(21 54 56 1/2 2)
(21 63 61 1 1)
(43/2 59 59 1/4 2)
(43/2 66 63 1/2 0)
(87/4 57 58 1/4 2)
(22 40 48 2 3)
(22 55 57 2 2)
(22 59 59 2 1)
(22 64 62 2 0)
(24 40 48 1/2 3)
(24 59 59 1 2)
(24 67 64 1 1)
(24 76 69 1 0)
(49/2 42 49 1/2 3)
(25 43 50 1/2 3)
(25 59 59 1 2)
(25 67 64 1 1)
(25 76 69 1 0)
(51/2 45 51 1/2 3)
(26 47 52 1/2 3)
(26 59 59 1 2)
(26 66 63 1 1)
(26 74 68 1 0)
(53/2 49 53 1/2 3)
(27 50 54 1/2 3)
(27 59 59 1 2)
(27 66 63 1 1)
(27 74 68 1 0)
(55/2 47 52 1/2 3)
(28 52 55 1/2 3)
(28 59 59 3/2 2)
(28 67 64 1 1)
(28 73 67 1 0)
(57/2 49 53 1/2 3)
(29 54 56 1 3)
(29 66 63 1 1)
(29 73 67 1 0)
(59/2 58 58 1/2 2)
(30 47 52 2 3)
(30 62 61 1 2)
(30 66 63 1 1)
(30 71 66 1 0)
(31 62 61 1 2)
(31 66 63 1 1)
(31 71 66 1 0)
(32 59 59 1/2 3)
(32 62 61 1/2 2)
(32 66 63 1 1)
(32 74 68 1 0)
(65/2 57 58 1/2 3)
(65/2 60 60 1/2 2)
(33 55 57 1/2 3)
(33 59 59 1 2)
(33 67 64 1 1)
(33 74 68 1 0)
(67/2 54 56 1/2 3)
(34 52 55 1/2 3)
(34 64 62 1/2 2)
(34 67 64 1/2 1)
(34 72 67 1 0)
(69/2 54 56 1/2 3)
(69/2 62 61 1 2)
(69/2 69 65 1 1)
(35 55 57 1/2 3)
(35 71 66 1 0)
(71/2 52 55 1/2 3)
(71/2 64 62 1 2)
(71/2 67 64 1/2 1)
(36 48 53 1/2 3)
(36 67 64 1 1)
(36 69 65 3/2 0)
(73/2 45 51 1/2 3)
(73/2 60 60 1/2 2)
(37 50 54 1 3)
(37 57 58 1/2 2)
(37 66 63 1 1)
(75/2 62 61 1/4 2)
(75/2 69 65 1/2 0)
(151/4 60 60 1/4 2)
(38 43 50 2 3)
(38 59 59 2 2)
(38 62 61 2 1)
(38 67 64 2 0)
(40 55 57 1 3)
(40 61 60 1 2)
(40 64 62 1 1)
(40 69 65 1 0)
(41 54 56 1/2 3)
(41 62 61 1/2 2)
(41 66 63 1 1)
(41 69 65 1 0)
(83/2 52 55 1/2 3)
(83/2 60 60 1/2 2)
(42 51 54 1 3)
(42 59 59 1 2)
(42 66 63 3/2 1)
(42 71 66 1 0)
(43 52 55 1/2 3)
(43 59 59 1/2 2)
(43 67 64 1 0)
(87/2 48 53 1/2 3)
(87/2 60 60 1 2)
(87/2 64 62 1/2 1)
(44 45 51 1/2 3)
(44 64 62 1 1)
(44 66 63 3/2 0)
(89/2 42 49 1/2 3)
(89/2 57 58 1/2 2)
(45 47 52 1 3)
(45 54 56 1/2 2)
(45 63 61 1 1)
(91/2 59 59 1/4 2)
(91/2 66 63 1/2 0)
(183/4 57 58 1/4 2)
(46 40 48 2 3)
(46 56 57 2 2)
(46 59 59 2 1)
(46 64 62 2 0)
