((1 (2 7 11)) ("21_Guns" ((432 55 57 8 1) (432 60 60 8 1) (432 64 62 8 0)) (53 56) (-1 0)))
((3 (-17)) ("9_Crimes" ((258 43 50 2 1)) (60 60) (0 0)))
((7/4 (5 12 14)) ("A_Thousand_Miles" ((1459/4 64 62 5/2 1) (1459/4 71 66 5/2 0) (1459/4 73 67 5/2 0)) (59 59) (5 0)))
((1 (-22 9)) ("All_of_me" ((160 38 47 4 2) (319/2 69 65 9/2 1)) (60 60) (3 5)))
((1 (-3)) ("Am_I_wrong" ((480 60 60 4 0)) (63 62) (-3 0)))
((1 (-24 -8 -5 0 4 12)) ("Bad_Day" ((528 39 48 4 2) (528 55 57 4 1) (528 58 59 4 1) (528 63 62 4 1) (528 67 64 4 1) (528 75 69 4 0)) (63 62) (-3 0)))
((1 (-3 12 16 21)) ("Bleeding_Love" ((436 50 54 4 1) (436 65 63 4 0) (436 69 65 4 0) (436 74 68 4 0)) (53 56) (-1 0)))
((1 (-12 0 12 16 19)) ("Coldplay-The_Scientist" ((328 41 49 4 1) (328 53 56 4 1) (328 65 63 4 0) (328 69 65 4 0) (328 72 67 4 0)) (53 56) (-1 0)))
((1 (-17 -12 -5)) ("Complicated" ((260 48 53 4 1) (260 53 56 4 0) (260 60 60 4 0)) (65 63) (-1 0)))
((1 (-8 -5 0 4)) ("Concerning_Hobbits_The_Lord_Of_T" ((272 54 56 6 1) (272 57 58 6 1) (272 62 61 6 1) (272 66 63 6 0)) (62 61) (2 0)))
((4 (4 7)) ("Counting_Stars" ((499 61 60 9 1) (499 64 62 9 1)) (57 58) (3 0)))
((1 (-24 -12)) ("Empire_State_Of_Mind" ((324 42 49 4 1) (324 54 56 4 1)) (66 63) (6 0)))
((14/3 (-8 4 7 12)) ("Everybody_Hurts" ((875/3 47 52 1/3 1) (288 59 59 4 0) (288 62 61 4 0) (288 67 64 4 0)) (55 57) (1 0)))
((2 (-20 -13 7 28)) ("Everytime" ((160 43 50 4 2) (160 50 54 4 2) (161 70 66 3 0) (160 91 78 4 1)) (63 62) (-3 0)))
((1 (2)) ("Fireflies" ((650 65 63 14 4)) (63 62) (-3 0)))
((1 (-29 -10 -5 -1 2)) ("Goodbye_My_Lover" ((296 40 48 4 2) (296 59 59 4 1) (296 64 62 4 1) (296 68 64 4 1) (296 71 66 4 1)) (69 65) (3 0)))
((5/2 (-19 -7 5 7 9 12 16)) ("Gravity" ((619/2 41 49 21/2 2) (619/2 53 56 21/2 2) (627/2 65 63 13/2 1) (627/2 67 64 13/2 1) (627/2 69 65 13/2 1) (627/2 72 67 13/2 1) (627/2 76 69 13/2 1)) (60 60) (0 0)))
((1 (-5 0 4 12)) ("Havent_Met_You_Yet" ((112 56 58 4 1) (112 61 61 4 1) (112 65 63 4 1) (112 73 68 4 0)) (61 61) (-5 0)))
((1 (-24 -12 -5 -5 0 4 7)) ("Hey_Jude" ((268 41 49 4 2) (268 53 56 4 2) (268 60 60 4 1) (268 60 60 4 0) (268 65 63 4 1) (268 69 65 4 1) (268 72 67 4 0)) (65 63) (-1 0)))
((3/2 (-8 4)) ("Hey_There_Delilah" ((713/2 54 56 7/2 1) (356 66 63 4 0)) (62 61) (2 0)))
((9/2 (-5)) ("How_To_Save_a_Life" ((383/2 65 63 1/2 1)) (70 66) (-2 0)))
((1 (-24 -10 -5 0)) ("How_You_Remind_Me" ((292 46 52 4 2) (292 60 60 4 1) (292 65 63 4 1) (292 70 66 4 1)) (70 66) (-2 0)))
((3/2 (-24 -12 -12 -8 0 12)) ("Imagine" ((212 36 46 8 2) (212 48 53 8 3) (212 48 53 8 1) (212 52 55 8 1) (212 60 60 8 1) (425/2 72 67 15/2 0)) (60 60) (0 0)))
((1 (-24 0 4 4 7)) ("Jar_Of_Hearts" ((296 39 48 4 2) (296 63 62 4 1) (296 67 64 4 1) (296 67 64 4 0) (296 70 66 4 1)) (63 62) (-3 0)))
((4 (-27 -19 -3 0 0 0 5 5 9)) ("Lego_House" ((352 43 50 4 4) (352 51 55 4 4) (352 67 64 4 3) (355 70 66 1 0) (352 70 66 4 3) (352 70 66 4 2) (352 75 69 4 2) (352 75 69 4 1) (352 79 71 4 1)) (70 66) (-2 0)))
((3/2 (-12 -7 0 0)) ("Let_it_Go" ((484 44 51 8 1) (484 49 54 8 1) (977/2 56 58 7/2 0) (484 56 58 8 1)) (56 58) (-4 0)))
((9/2 (-15 5)) ("Love_Song" ((367/2 38 47 1/2 1) (367/2 58 59 1/2 2)) (53 56) (-1 0)))
((4 (-6 -3)) ("Mad_World" ((255 62 61 1 1) (255 65 63 1 1)) (68 65) (-1 5)))
((1 (-15 -8 4 9 12)) ("Nobodys_Home" ((172 41 49 4 1) (172 48 53 4 1) (319/2 60 60 33/2 0) (172 65 63 4 0) (171 68 65 5 0)) (56 58) (-4 0)))
((3 (-19 0 4 16 24)) ("One" ((197 36 46 7 2) (197 55 57 7 1) (197 59 59 7 1) (395/2 71 66 13/2 0) (395/2 79 71 13/2 0)) (55 57) (4 5)))
((3 (-10 -7 -2 2)) ("Paradise" ((1319/4 62 61 2 1) (1319/4 65 63 2 0) (1319/4 70 66 2 0) (1319/4 74 68 2 0)) (72 67) (0 0)))
((4 (-17 -10 -5 7 11 12)) ("Pompeii" ((817/2 40 48 15/2 1) (817/2 47 52 15/2 1) (817/2 52 55 15/2 1) (411 64 62 5 0) (411 68 64 5 0) (411 69 65 5 0)) (57 58) (3 0)))
((9/2 (-7 14)) ("Run" ((102 49 54 2 1) (207/2 70 66 1/2 0)) (56 58) (-4 0)))
((5/2 (19)) ("Same_Love" ((875/2 75 69 5/2 0)) (56 58) (-4 0)))
((9/2 (-29 -5 19)) ("Sammys_Piano_Song" ((144 33 44 8 2) (303/2 57 58 1/2 1) (145 81 72 7 0)) (62 61) (2 0)))
((1 (-12 -8 -5 0)) ("Shes_The_One" ((160 46 52 4 1) (160 50 54 4 1) (160 53 56 4 1) (319/2 58 59 9/2 0)) (58 59) (-2 0)))
((3 (-12 -5 0 4)) ("Skinny_Love" ((262 52 55 2 1) (262 59 59 2 0) (262 64 62 2 0) (262 68 64 2 0)) (64 62) (4 0)))
((1 (-5 0 4 12)) ("Somewhere_Only_We_Know" ((320 52 55 4 1) (320 57 58 4 1) (320 61 60 4 1) (319 69 65 5 0)) (57 58) (3 0)))
((3/2 (-3 -3)) ("Sound_of_Silence" ((609/2 61 60 7/2 1) (609/2 61 60 7/2 0)) (64 62) (4 0)))
((1 (-3 0 5)) ("Stay" ((412 69 65 12 1) (412 72 67 12 1) (412 77 70 12 1)) (72 67) (3 5)))
((9/2 (-8 7)) ("Try" ((823/2 47 52 1/2 3) (823/2 62 61 1/2 4)) (55 57) (1 0)))
((1 (-20 -8 -1 2 7)) ("Turning_Tables_piano" ((592 36 46 8 1) (592 48 53 8 1) (592 55 57 8 0) (592 58 59 8 0) (592 63 62 8 0)) (56 58) (-4 0)))
((2 (-15 -8 -8 -3)) ("Violet_Hill" ((157 49 53 2 1) (157 56 57 2 1) (157 56 57 2 0) (313/2 61 60 5/2 0)) (64 62) (-5 5)))
((1 (-29 -17 -5 -1 7)) ("Viva_La_Vida" ((532 32 44 4 1) (532 44 51 4 1) (532 56 58 4 0) (532 60 60 4 0) (532 68 65 4 0)) (61 61) (-5 0)))
((1 (0 12)) ("We_are_Young" ((252 65 63 4 1) (252 77 70 4 0)) (65 63) (-1 0)))
((4 (-5)) ("When_Youre_Gone" ((711/4 62 61 9/4 1)) (67 64) (4 5)))
