((1 (-15 -3 0 4 9 12)) ("21_Guns" ((0 38 47 2 1) (0 50 54 2 1) (0 53 56 2 0) (0 57 58 2 0) (0 62 61 2 0) (0 65 63 2 0)) (53 56) (-1 0)))
((4 (-3)) ("9_Crimes" ((3 57 58 1/2 0)) (60 60) (0 0)))
((19/4 (12)) ("A_Thousand_Miles" ((15/4 71 66 1/4 0)) (59 59) (5 0)))
((1 (-8 4 11)) ("All_of_me" ((0 52 55 4 2) (0 64 62 3/2 1) (0 71 66 3/2 1)) (60 60) (3 5)))
((1 (-15)) ("Am_I_wrong" ((0 48 53 1/2 1)) (63 62) (-3 0)))
((1 (-12 0 7)) ("Bad_Day" ((0 51 55 3 2) (0 63 62 2 1) (0 70 66 2 1)) (63 62) (-3 0)))
((1 (0 7 12 16)) ("Bleeding_Love" ((0 53 56 8 1) (0 60 60 8 0) (0 65 63 8 0) (0 69 65 8 0)) (53 56) (-1 0)))
((1 (-3 7 12 16)) ("Coldplay-The_Scientist" ((0 50 54 1/2 1) (0 60 60 1 0) (0 65 63 1 0) (0 69 65 1 0)) (53 56) (-1 0)))
((1 (-15 4)) ("Complicated" ((0 50 54 3/2 1) (0 69 65 1 0)) (65 63) (-1 0)))
((1 (-24)) ("Concerning_Hobbits_The_Lord_Of_T" ((0 38 47 1 1)) (62 61) (2 0)))
((1 (4 21)) ("Counting_Stars" ((0 61 60 1/2 1) (0 78 70 1 0)) (57 58) (3 0)))
((7/2 (-19 -8 -3 0)) ("Empire_State_Of_Mind" ((5/2 47 52 1/2 1) (5/2 58 58 1/2 0) (5/2 63 61 1/2 0) (5/2 66 63 1/2 0)) (66 63) (6 0)))
((1 (-12 7 12 16)) ("Everybody_Hurts" ((0 43 50 1/3 1) (0 62 61 3/2 0) (0 67 64 3/2 0) (0 71 66 3/2 0)) (55 57) (1 0)))
((1 (-12)) ("Everytime" ((0 51 55 3 2)) (63 62) (-3 0)))
((1 (-5)) ("Fireflies" ((0 58 59 1/2 1)) (63 62) (-3 0)))
((1 (-29 -10 -5 -1)) ("Goodbye_My_Lover" ((0 40 48 4 2) (0 59 59 5/2 1) (0 64 62 5/2 1) (0 68 64 5/2 1)) (69 65) (3 0)))
((5/2 (14)) ("Gravity" ((3/2 74 68 3/2 1)) (60 60) (0 0)))
((1 (-24 -5 0 4)) ("Havent_Met_You_Yet" ((0 37 47 1 1) (0 56 58 1 0) (0 61 61 1 0) (0 65 63 1 0)) (61 61) (-5 0)))
((4 (-17 7 7)) ("Hey_Jude" ((-1 48 53 1 2) (-1 72 67 1 1) (-1 72 67 1 0)) (65 63) (-1 0)))
((1 (-12)) ("Hey_There_Delilah" ((0 50 54 1/2 1)) (62 61) (2 0)))
((1 (-12 0)) ("How_To_Save_a_Life" ((0 58 59 1/2 1) (0 70 66 4 0)) (70 66) (-2 0)))
((1 (-22 -3 2)) ("How_You_Remind_Me" ((0 48 53 2 2) (0 67 64 1/2 1) (0 72 67 1/2 1)) (70 66) (-2 0)))
((1 (-24 -8 -5)) ("Imagine" ((0 36 46 3 2) (0 52 55 1/2 1) (0 55 57 1/2 1)) (60 60) (0 0)))
((1 (-15 -8 -3 0)) ("Jar_Of_Hearts" ((0 48 53 4 2) (0 55 57 4 1) (0 60 60 4 1) (0 63 62 4 1)) (63 62) (-3 0)))
((1 (-24 -5 0)) ("Lego_House" ((0 46 52 6 4) (0 65 63 1 3) (0 70 66 1 3)) (70 66) (-2 0)))
((1 (-3 23)) ("Let_it_Go" ((0 53 56 1/2 1) (0 79 71 1/2 0)) (56 58) (-4 0)))
((1 (-22 -10 2 5 9)) ("Love_Song" ((0 31 43 1/2 1) (0 43 50 1/2 1) (0 55 57 1/2 0) (0 58 59 1/2 0) (0 62 61 1/2 0)) (53 56) (-1 0)))
((1 (-15 0)) ("Mad_World" ((0 53 56 1 1) (0 68 65 1/2 0)) (68 65) (-1 5)))
((1 (-3)) ("Nobodys_Home" ((0 53 56 4 1)) (56 58) (-4 0)))
((1 (-15 -3)) ("One" ((0 40 48 3 2) (0 52 55 3 2)) (55 57) (4 5)))
((1 (-29 -29 -26 -22 -17 -14 -10)) ("Paradise" ((0 43 50 2 3) (0 43 50 3/2 2) (0 46 52 2 5) (0 50 54 2 5) (0 55 57 3/2 1) (0 58 59 3/2 1) (0 62 61 3/2 1)) (72 67) (0 0)))
((1 (-19 9 17)) ("Pompeii" ((0 38 47 1/2 1) (0 66 63 1 0) (0 74 68 1 0)) (57 58) (3 0)))
((1 (-15 -3)) ("Run" ((0 41 49 2 1) (0 53 56 2 1)) (56 58) (-4 0)))
((1 (-5 14)) ("Same_Love" ((0 51 55 3/2 2) (0 70 66 1/2 1)) (56 58) (-4 0)))
((1 (-15)) ("Sammys_Piano_Song" ((0 47 52 1/2 1)) (62 61) (2 0)))
((7/2 (0)) ("Shes_The_One" ((5/2 58 59 1/2 0)) (58 59) (-2 0)))
((1 (-3 4 9 12)) ("Skinny_Love" ((0 61 60 2 1) (0 68 64 2 0) (0 73 67 2 0) (0 76 69 2 0)) (64 62) (4 0)))
((1 (-24 -12 0 7 12)) ("Somewhere_Only_We_Know" ((0 33 44 4 3) (0 45 51 4 3) (0 57 58 1/2 1) (0 64 62 1/2 1) (0 69 65 1/2 1)) (57 58) (3 0)))
((1 (9)) ("Sound_of_Silence" ((0 73 67 1/2 2)) (64 62) (4 0)))
((1 (-5 0 4)) ("Stay" ((0 67 64 1 1) (0 72 67 1 1) (0 76 69 1 1)) (72 67) (3 5)))
((1 (-8 31)) ("Try" ((0 47 52 1/2 3) (0 86 75 1/2 2)) (55 57) (1 0)))
((1 (-20 4)) ("Turning_Tables_piano" ((0 36 46 1 1) (0 60 60 1/2 0)) (56 58) (-4 0)))
((17/4 (4)) ("Violet_Hill" ((13/4 68 64 1/4 0)) (64 62) (-5 5)))
((1 (-24 -12 -5 0 7)) ("Viva_La_Vida" ((0 37 47 1 1) (0 49 54 1 1) (0 56 58 1/2 0) (0 61 61 1/2 0) (0 68 65 1/2 0)) (61 61) (-5 0)))
((1 (-12 -12 -8 -5 0 7)) ("We_are_Young" ((0 53 56 4 3) (0 53 56 1/2 4) (0 57 58 8 3) (0 60 60 8 2) (0 65 63 8 1) (0 72 67 3/4 0)) (65 63) (-1 0)))
((1 (-7 11)) ("When_Youre_Gone" ((0 60 60 2 1) (0 78 70 1/4 0)) (67 64) (4 5)))
