((1 (8 4 5)) (5 3 "C-6-1" ((45 54 56 2 1 47 171) (45 62 61 1/3 1 136/3 172) (45 66 63 2 0 47 173) (45 71 66 1/3 0 136/3 174))))
((2 (0 17)) (19 11 "C-6-1" ((97 56 57 4 1 101 368) (97 56 57 1/2 1 195/2 367) (97 73 67 1/2 0 195/2 369))))
((3 (7 5 3)) (0 0 "C-6-1" ((5 54 56 1 1 6 20) (5 61 60 1 1 6 21) (5 66 63 2 0 7 22) (5 69 65 4/3 0 19/3 23))))
#|((1 (4 2 16)) (8 5 "C-6-2" ((81 52 55 1 1 82 299) (81 56 57 1 1 82 300) (81 58 58 2 1 83 301) (81 74 67 1/3 0 244/3 302))))|#
#|((3 NIL) (24 14 "C-6-2" ((23 68 64 1 0 24 100))))|#
((1 (3 7)) (-3 -2 "C-6-3" ((12 49 53 1/2 0 25/2 24) (12 52 55 1 1 13 25) (12 59 59 1 1 13 26))))
((2 (4 6 2 7)) (12 7 "C-6-3" ((43 54 56 1 1 44 176) (43 58 58 1 1 44 177) (43 64 62 1 1 44 178) (43 66 63 2 0 45 179) (43 73 67 2 0 45 180))))
((3 (4 3 5 7)) (0 0 "C-6-3" ((155 52 55 1 1 156 707) (155 56 57 1 1 156 708) (155 59 59 1 1 156 709) (155 64 62 1 1 156 710) (155 71 66 1 0 156 711))))
((1 (4 6 21)) (0 0 "C-7-1" ((92 48 53 2 1 94 318) (93 52 55 1 1 94 322) (93 58 59 1 1 94 323) (93 79 71 1/3 0 280/3 324))))
((3 NIL) (16 9 "C-7-1" ((71 69 65 1/2 0 143/2 252))))
((1 NIL) (17 10 "C-7-2" ((6 74 68 1/6 0 37/6 19))))
((2 (8 8)) (-17 -10 "C-7-2" ((13 52 55 1 1 14 41) (13 60 60 1 1 14 42) (13 68 64 1 0 14 43))))
((3 NIL) (36 21 "C-7-2" ((23 76 69 1 0 24 68))))
((1 NIL) (26 15 "C-7-3" ((27 67 64 1/3 0 82/3 45))))
((2 (7 8 9)) (-27 -16 "C-7-3" ((310 41 49 1 1 311 1184) (310 48 53 1 1 311 1185) (310 56 58 1 1 311 1186) (310 65 63 1 0 311 1187))))
((3 (7 8 21)) (0 0 "C-7-3" ((29 41 49 1 1 30 52) (29 48 53 1 1 30 53) (29 56 58 1 1 30 54) (29 77 70 1 0 30 55))))
#|((1 (24)) (-8 -5 "C-7-4" ((24 48 53 1 1 25 124) (24 72 67 1 0 25 125))))|#
#|((3 (3 5 12)) (-1 -1 "C-7-4" ((5 55 57 1 1 6 28) (5 58 59 1 1 6 29) (5 63 62 1 1 6 30) (5 75 69 1 0 6 31))))|#
((1 (4 6 9)) (12 7 "C-7-5" ((12 55 57 1 1 13 24) (12 59 59 1 1 13 25) (12 65 63 1 1 13 26) (12 74 68 1/3 0 37/3 27))))
((3 (5 4 8)) (0 0 "C-7-5" ((14 55 57 1 1 15 34) (14 60 60 1 1 15 35) (14 64 62 1 1 15 36) (14 72 67 3/4 0 59/4 37))))
((1 (12 22 9)) (-17 -10 "C-17-1" ((6 29 42 1 1 7 29) (6 41 49 1 1 7 30) (6 63 62 3/2 0 15/2 31) (6 72 67 3/2 0 15/2 32))))
((3 (10 28)) (7 4 "C-17-1" ((137 46 52 1 1 138 665) (137 56 58 1 1 138 666) (137 84 74 1 0 138 667))))
((1 (24)) (-7 -4 "C-17-2" ((27 52 55 1 1 28 99) (27 76 69 1/4 0 109/4 100))))
((2 (8 23)) (7 4 "C-17-2" ((28 59 59 1 1 29 102) (28 67 64 1 1 29 103) (28 90 77 1/2 0 57/2 104))))
((3 (7 3 2 4)) (0 0 "C-17-2" ((14 59 59 1 1 15 47) (14 66 63 1 1 15 48) (14 69 65 1 1 15 49) (14 71 66 3/2 0 31/2 50) (14 75 68 1 0 15 51))))
((1 (6 3 8)) (4 2 "C-17-3" ((6 55 57 1 1 7 23) (6 61 61 1 1 7 24) (6 64 63 1 1 7 25) (6 72 67 3/4 0 27/4 26))))
((2 (7 8 9)) (-27 -16 "C-17-3" ((49 46 52 1 1 50 184) (49 53 56 1 1 50 185) (49 61 61 1 1 50 186) (49 70 66 3/4 0 199/4 187))))
((3 NIL) (9 5 "C-17-3" ((47 65 63 1 0 48 182))))
((1 NIL) (5 3 "C-17-4" ((9 62 61 1/3 0 28/3 24))))
((2 (35)) (-7 -4 "C-17-4" ((109 40 48 1 1 110 436) (109 75 68 1/2 0 219/2 437))))
((3 (3 5 6)) (0 0 "C-17-4" ((17 57 58 1 1 18 48) (17 60 60 1 1 18 49) (17 65 63 1 1 18 50) (17 71 66 1/2 0 35/2 51))))
#|((1 (5 5 4)) (0 0 "C-24-1" ((51 53 56 1 1 52 172) (51 58 59 1 1 52 173) (51 63 62 1 1 52 174) (51 67 64 1/3 0 154/3 175))))|#
#|((2 (5 5 4)) (12 7 "C-24-1" ((49 53 56 1 1 50 162) (49 58 59 1 1 50 163) (49 63 62 1 1 50 164) (49 67 64 1/3 0 148/3 165))))|#
#|((3 (5 3 6 9)) (0 0 "C-24-1" ((8 55 57 1 1 9 29) (8 60 60 1 1 9 30) (8 63 62 1 1 9 31) (8 69 65 1 1 9 32) (8 78 70 1 0 9 33))))|#
((1 (3 4 8)) (14 8 "C-24-2" ((12 57 58 1 1 13 48) (12 60 60 1 1 13 49) (12 64 62 1 1 13 50) (12 72 67 1/2 0 25/2 51))))
((2 (7 5 4)) (0 0 "C-24-2" ((37 55 57 1 1 38 150) (37 62 61 1 1 38 151) (37 67 64 1 0 38 152) (37 71 66 1/2 0 75/2 153))))
((3 (4 6 2)) (5 3 "C-24-2" ((44 55 57 1 1 45 185) (44 59 59 1 1 45 186) (44 65 63 1 0 45 187) (44 67 64 1/2 0 89/2 188))))
((1 (7 3 6)) (0 0 "C-24-3" ((6 51 55 2 1 8 23) (6 58 59 3/4 1 27/4 24) (6 61 61 2 1 8 25) (6 67 64 3/4 0 27/4 26))))
((2 (3 4 8)) (1 1 "C-24-3" ((73 60 60 1/2 0 147/2 246) (73 63 62 1/2 0 147/2 247) (73 67 64 1/2 0 147/2 248) (73 75 69 1/2 0 147/2 249))))
((3 NIL) (31 18 "C-24-3" ((29 82 73 1/3 0 88/3 98))))
#|((1 (26 12)) (-17 -10 "C-24-4" ((33 46 52 1 1 34 89) (33 72 67 3/2 0 69/2 90) (33 84 74 3/2 0 69/2 91))))|#
#|((2 (7 12)) (9 5 "C-24-4" ((304 51 55 1 1 305 1198) (304 58 59 1 1 305 1199) (304 70 66 2 0 306 1200))))|#
#|((3 (6 3)) (3 2 "C-24-4" ((128 63 62 1 1 129 469) (128 69 65 1 0 129 470) (128 72 67 1 1 129 471))))|#
((1 NIL) (26 15 "C-30-1" ((6 74 68 1/2 0 13/2 21))))
((3 (6 3 6)) (-3 -2 "C-30-1" ((47 52 55 2 1 49 172) (47 58 59 2 1 49 173) (47 61 61 2 0 49 174) (47 67 64 3/4 0 191/4 175))))
((1 (27)) (-7 -4 "C-30-2" ((6 47 52 1 1 7 23) (6 74 68 1/3 0 19/3 24))))
((3 NIL) (31 18 "C-30-2" ((47 66 63 1 0 48 162))))
((1 NIL) (0 0 "C-30-3" ((12 56 58 1 1 13 6))))
((2 (3 3 3 12)) (0 0 "C-30-3" ((145 55 57 1 1 146 480) (145 58 59 1 1 146 481) (145 61 61 1 1 146 482) (145 64 63 1 1 146 483) (145 76 70 5/2 0 295/2 484))))
((1 (34)) (-24 -14 "C-30-4" ((96 44 50 1/2 1 193/2 444) (96 78 70 2 0 98 445))))
((3 (7 8 21 3)) (0 0 "C-30-4" ((14 37 46 1 1 15 41) (14 44 50 1 1 15 42) (14 52 55 1 1 15 43) (14 73 67 1 0 15 44) (14 76 69 1 0 15 45))))
((1 NIL) (32 19 "C-33-1" ((18 64 62 3/4 0 75/4 52))))
((2 NIL) (-5 -3 "C-33-1" ((10 75 68 2 0 12 23))))
((3 NIL) (19 11 "C-33-1" ((83 66 63 1 0 84 283))))
((1 (31)) (-14 -8 "C-33-2" ((6 38 47 1 1 7 30) (6 69 65 1/2 0 13/2 31))))
((3 (7 5)) (12 7 "C-33-2" ((422 62 61 7 1 429 1866) (422 69 65 7 1 429 1867) (422 74 68 1/2 0 845/2 1868))))
((1 (10 6 3)) (-12 -7 "C-33-3" ((0 55 57 2 1 2 1) (0 65 63 1 0 1 2) (0 71 66 1 0 1 3) (0 74 68 1 0 1 4))))
((3 NIL) (24 14 "C-33-3" ((47 72 67 3/2 0 97/2 154))))
((2 (2 4 8)) (-10 -6 "C-33-3" ((22 65 63 2 0 24 74) (22 67 64 2 0 24 75) (22 71 66 2 0 24 76) (22 79 71 2 0 24 77))))
#|((1 (26)) (-7 -4 "C-33-4" ((6 47 52 1 1 7 20) (6 73 67 1/2 0 13/2 21))))|#
#|((2 (5 4 3 5 4)) (19 11 "C-33-4" ((145 53 56 1 1 146 410) (145 58 59 1 1 146 411) (145 62 61 1 1 146 412) (145 65 63 1 0 146 413) (145 70 66 1 0 146 414) (145 74 68 1 0 146 415))))|#
#|((3 NIL) (12 7 "C-33-4" ((17 61 60 3/2 0 37/2 55))))|#
((1 (15)) (-5 -3 "C-41-1" ((12 49 53 1 1 13 18) (12 64 62 3/4 0 51/4 19))))
((3 NIL) (16 9 "C-41-1" ((95 72 66 1 0 96 347))))
((1 (10 2 4 3)) (2 1 "C-41-2" ((6 47 52 1 1 7 24) (6 57 58 1 1 7 25) (6 59 59 1 1 7 26) (6 63 61 1 0 7 27) (6 66 63 1 0 7 28))))
((2 (7 5 4)) (12 7 "C-41-2" ((61 47 52 1 1 62 235) (61 54 56 1 1 62 236) (61 59 59 1/2 0 123/2 237) (61 63 61 1/2 0 123/2 238))))
((3 NIL) (31 18 "C-41-2" ((23 71 66 1 0 24 93))))
((1 (12 7 7 3)) (-17 -10 "C-41-3" ((24 35 45 1 1 25 91) (24 47 52 1 1 25 92) (24 54 56 1 1 25 93) (24 61 60 1/2 0 49/2 94) (24 64 62 1/2 0 49/2 95))))
((2 (12)) (14 8 "C-41-3" ((13 49 53 1/2 1 27/2 49) (13 61 60 1/2 0 27/2 50))))
#|((1 (24)) (-7 -4 "C-41-4" ((6 49 54 1 1 7 26) (6 73 68 1/2 0 13/2 27))))|#
#|((2 (9 3)) (19 11 "C-41-4" ((121 55 57 1 1 122 452) (121 64 62 1 1 122 453) (121 67 64 1/2 0 243/2 454))))|#
#|((3 NIL) (19 11 "C-41-4" ((143 67 64 1/2 0 287/2 509))))|#
((1 (2 3 2)) (0 0 "C-50-1" ((150 60 60 1/2 1 301/2 527) (150 62 61 1 0 151 528) (150 65 63 1 0 151 529) (150 67 64 1 0 151 530))))
((2 (7 3 6)) (12 7 "C-50-1" ((1 50 54 2 1 3 2) (1 57 58 1/2 1 3/2 3) (1 60 60 3 0 4 4) (1 66 63 1/2 0 3/2 5))))
((3 (12 4)) (-4 -2 "C-50-1" ((272 55 57 1/2 1 545/2 1006) (272 67 64 1 0 273 1007) (272 71 66 1 0 273 1008))))
((1 (24)) (-8 -5 "C-50-2" ((111 48 53 1 1 112 333) (111 72 67 3/4 0 447/4 334))))
((2 NIL) (24 14 "C-50-2" ((85 72 67 3/2 0 173/2 260))))
((3 NIL) (9 5 "C-50-2" ((35 60 60 1 0 36 101))))
((1 (22 6 5)) (-10 -6 "C-50-3" ((120 39 47 1/2 1 241/2 386) (120 61 60 3 0 123 387) (120 67 63 3 0 123 388) (120 72 66 2 0 122 389))))
((2 NIL) (14 8 "C-50-3" ((13 75 68 1/2 0 27/2 27))))
((3 (5 4 3 5 4)) (0 0 "C-50-3" ((101 52 55 1 1 102 289) (101 57 58 1 1 102 290) (101 61 60 1 0 102 291) (101 64 62 1 1 102 292) (101 69 65 1 0 102 293) (101 73 67 1 0 102 294))))
((1 (4)) (1 1 "C-56-1" ((6 62 61 3 0 9 15) (6 66 63 3/4 0 27/4 16))))
((3 (16 8)) (-7 -4 "C-56-1" ((596 52 55 1 1 597 197) (596 68 64 1 0 597 198) (596 76 69 1 0 597 199))))
#|((1 (7 12 5)) (0 0 "C-56-2" ((12 36 46 4 1 16 18) (12 43 50 4 1 16 19) (12 55 57 3 1 15 20) (12 60 60 3/4 0 51/4 21))))|#
#|((2 (7 3 6)) (24 14 "C-56-2" ((133 59 59 1 1 134 452) (133 66 63 1 1 134 453) (133 69 65 1 0 134 454) (133 75 68 1/2 0 267/2 455))))|#
#|((3 (7 9 3 5 7)) (0 0 "C-56-2" ((47 36 46 1 1 48 135) (47 43 50 1 1 48 136) (47 52 55 1 1 48 137) (47 55 57 1 1 48 138) (47 60 60 1 0 48 139) (47 67 64 5 0 52 140))))|#
((1 (7 8 4)) (12 7 "C-56-3" ((42 50 54 11 1 53 134) (42 57 58 1/2 1 85/2 135) (42 65 63 1/2 0 85/2 136) (42 69 65 1/2 0 85/2 137))))
((2 NIL) (-8 -5 "C-56-3" ((10 59 59 1/2 0 21/2 33))))
((3 NIL) (0 0 "C-56-3" ((71 55 57 1 1 72 213))))
((1 NIL) (14 8 "C-59-1" ((6 66 63 1/2 0 13/2 10))))
((2 (7 9)) (0 0 "C-59-1" ((145 45 51 1 1 146 485) (145 52 55 1 1 146 486) (145 61 60 1 0 146 487))))
((1 (16)) (-11 -6 "C-59-2" ((132 49 54 1 1 133 503) (132 65 63 2 0 134 504))))
((2 (5 7 9)) (19 11 "C-59-2" ((1 51 55 1 1 2 1) (1 56 58 1 1 2 2) (1 63 62 1 1 2 3) (1 72 67 3/2 0 5/2 4))))
((3 (7 3 5)) (2 1 "C-59-2" ((47 53 56 1 1 48 160) (47 60 60 1 1 48 161) (47 63 62 1 1 48 162) (47 68 65 1 0 48 163))))
#|((1 (24)) (-7 -4 "C-59-3" ((24 42 49 1 1 25 98) (24 66 63 1 0 25 99))))|#
#|((2 (3 6 8)) (0 0 "C-59-3" ((52 54 56 1 1 53 197) (52 57 58 1 1 53 198) (52 63 61 1 1 53 199) (52 71 66 1/2 0 105/2 200))))|#
#|((3 (4 5 12)) (0 0 "C-59-3" ((5 57 58 1 1 6 20) (5 61 60 1 1 6 21) (5 66 63 1 1 6 22) (5 78 70 1 0 6 23))))|#
((1 (22 4)) (-17 -10 "C-63-1" ((21 42 49 1 1 22 83) (21 64 62 1/2 0 43/2 84) (21 68 64 1/2 0 43/2 85))))
((2 NIL) (19 11 "C-63-1" ((1 54 56 1/2 0 3/2 5))))
((3 (7 9 8)) (-23 -13 "C-63-1" ((101 45 51 1 1 102 400) (101 52 55 1 1 102 401) (101 61 60 1 0 102 402) (101 69 65 1 0 102 403))))
((1 NIL) (10 6 "C-63-2" ((48 63 62 2 0 50 149))))
((2 (6 9)) (10 6 "C-63-2" ((1 58 59 1 1 2 1) (1 64 62 1 1 2 2) (1 73 68 5/2 0 7/2 3))))
#|((1 (19)) (-6 -3 "C-63-3" ((57 49 53 1 1 58 190) (57 68 64 1/2 0 115/2 191))))|#
#|((2 (5 3 9)) (7 4 "C-63-3" ((1 56 57 1 1 2 4) (1 61 60 1 1 2 5) (1 64 62 1 1 2 6) (1 73 67 3/2 0 5/2 7))))|#
#|((3 (5 5 5)) (0 0 "C-63-3" ((149 56 57 1 1 150 507) (149 61 60 1 1 150 508) (149 66 63 1 1 150 509) (149 71 66 1/2 0 299/2 510))))|#
#|((1 (19)) (-7 -4 "C-67-1" ((24 43 50 1 1 25 111) (24 62 61 1 0 25 112))))|#
#|((2 (7 5 4)) (24 14 "C-67-1" ((13 55 57 1 1 14 57) (13 62 61 1 1 14 58) (13 67 64 1/2 0 27/2 59) (13 71 66 1/2 0 27/2 60))))|#
((1 (36)) (-24 -14 "C-67-2" ((0 38 47 1 1 1 1) (0 74 68 1/2 0 1/2 2))))
((3 (5 4 12)) (0 0 "C-67-2" ((11 53 56 1 1 12 39) (11 58 59 1 1 12 40) (11 62 61 1 1 12 41) (11 74 68 1/2 0 23/2 42))))
((1 (26)) (0 0 "C-67-3" ((6 48 53 3 1 9 21) (6 74 68 3/2 0 15/2 22))))
((1 (27)) (-7 -4 "C-67-4" ((6 45 51 1 1 7 23) (6 72 67 3/2 0 15/2 24))))
((3 NIL) (12 7 "C-67-4" ((23 64 62 1 0 24 74))))
((1 (3 3 2 12)) (-1 -1 "C-68-1" ((24 54 56 1 1 25 127) (24 57 58 1 1 25 128) (24 60 60 1 1 25 129) (24 62 61 1 1 25 130) (24 74 68 1/2 0 49/2 131))))
((2 (5 4 6 9)) (7 4 "C-68-1" ((133 55 57 1 1 134 679) (133 60 60 1 1 134 680) (133 64 62 1 1 134 681) (133 70 66 3/2 0 269/2 682) (133 79 71 3/2 0 269/2 683))))
((3 NIL) (35 20 "C-68-1" ((11 71 66 1/2 0 23/2 75))))
((1 (31)) (-7 -4 "C-68-2" ((3 45 51 1 1 4 12) (3 76 69 3/4 0 15/4 13))))
((1 (7 5 7 9)) (-5 -3 "C-68-3" ((3 48 53 3 1 6 16) (3 55 57 3/4 1 15/4 17) (3 60 60 3/4 1 15/4 18) (3 67 64 3/4 0 15/4 19) (3 76 69 3/4 0 15/4 20))))
((2 (3 9 3)) (2 1 "C-68-3" ((52 61 60 1 1 53 238) (52 64 62 1 1 53 239) (52 73 67 1 0 53 240) (52 76 69 1 0 53 241))))
((1 NIL) (15 9 "C-68-4" ((6 70 66 3/2 0 15/2 20))))
((2 NIL) (26 15 "C-68-4" ((55 71 66 1/2 0 111/2 190))))
