(0 55 57 1/2 3)
(0 59 59 1/2 2)
(0 62 61 1/2 1)
(0 67 64 1 0)
(1/2 57 58 1/2 3)
(1/2 60 60 1/2 1)
(1/2 60 60 1/2 2)
(1 59 59 1/2 1)
(1 59 59 1/2 3)
(1 62 61 1/2 2)
(1 67 64 1 0)
(3/2 57 58 1/2 3)
(3/2 60 60 1/2 1)
(3/2 60 60 1/2 2)
(2 55 57 1/2 3)
(2 59 59 1/2 2)
(2 62 61 1 1)
(2 67 64 1 0)
(5/2 57 58 1/2 3)
(5/2 60 60 1/2 2)
(3 55 57 1/2 3)
(3 59 59 1/2 2)
(3 62 61 1 0)
(3 62 61 1 1)
(7/2 54 56 1/2 3)
(7/2 57 58 1/2 2)
(4 52 55 1/2 3)
(4 59 59 1 2)
(4 64 62 1/4 1)
(4 67 64 1 0)
(17/4 66 63 1/4 1)
(9/2 50 54 1/2 3)
(9/2 67 64 1 1)
(5 48 53 1/2 3)
(5 64 62 1/2 2)
(5 69 65 1 0)
(11/2 50 54 1/2 3)
(11/2 62 61 1/2 2)
(11/2 66 63 1/2 1)
(6 43 50 2 3)
(6 62 61 2 2)
(6 67 64 2 1)
(6 71 66 2 0)
(8 55 57 1/2 3)
(8 59 59 1/2 2)
(8 62 61 1 1)
(8 67 64 1/2 0)
(17/2 54 56 1/2 3)
(17/2 57 58 1/2 2)
(17/2 69 65 1/2 0)
(9 55 57 1/2 3)
(9 59 59 1 2)
(9 62 61 1/2 1)
(9 71 66 1/2 0)
(19/2 52 55 1/2 3)
(19/2 67 64 1/2 1)
(19/2 73 67 1/2 0)
(10 54 56 1/2 3)
(10 57 58 1 2)
(10 66 63 1 1)
(10 74 68 1 0)
(21/2 52 55 1/2 3)
(11 50 54 1/2 3)
(11 62 61 3/2 2)
(11 69 65 1 1)
(11 78 70 1 0)
(23/2 52 55 1/4 3)
(47/4 54 56 1/4 3)
(12 55 57 1/2 3)
(12 71 66 1/2 1)
(12 76 69 2 0)
(25/2 52 55 1/2 3)
(25/2 61 60 1/4 2)
(25/2 67 64 1/2 1)
(51/4 59 59 1/4 2)
(13 57 58 1 3)
(13 61 60 1 2)
(13 64 62 1/2 1)
(27/2 69 65 1/4 1)
(55/4 67 64 1/4 1)
(14 50 54 2 3)
(14 57 58 2 2)
(14 66 63 2 1)
(14 74 68 2 0)
(16 55 57 1/2 3)
(16 59 59 1/2 2)
(16 62 61 1/2 1)
(16 67 64 1 0)
(33/2 57 58 1/2 3)
(33/2 60 60 1/2 1)
(33/2 60 60 1/2 2)
(17 59 59 1/2 1)
(17 59 59 1/2 3)
(17 62 61 1/2 2)
(17 67 64 1 0)
(35/2 57 58 1/2 3)
(35/2 60 60 1/2 1)
(35/2 60 60 1/2 2)
(18 55 57 1/2 3)
(18 59 59 1/2 2)
(18 62 61 1 1)
(18 67 64 1 0)
(37/2 57 58 1/2 3)
(37/2 60 60 1/2 2)
(19 55 57 1/2 3)
(19 59 59 1/2 2)
(19 62 61 1 0)
(19 62 61 1 1)
(39/2 54 56 1/2 3)
(39/2 57 58 1/2 2)
(20 52 55 1/2 3)
(20 59 59 1 2)
(20 64 62 1/4 1)
(20 67 64 1 0)
(81/4 66 63 1/4 1)
(41/2 50 54 1/2 3)
(41/2 67 64 1 1)
(21 48 53 1/2 3)
(21 64 62 1/2 2)
(21 69 65 1 0)
(43/2 50 54 1/2 3)
(43/2 62 61 1/2 2)
(43/2 66 63 1/2 1)
(22 43 50 2 3)
(22 62 61 2 2)
(22 67 64 2 1)
(22 71 66 2 0)
(24 55 57 1/2 3)
(24 59 59 1/2 2)
(24 62 61 1 1)
(24 67 64 1/2 0)
(49/2 54 56 1/2 3)
(49/2 57 58 1/2 2)
(49/2 69 65 1/2 0)
(25 55 57 1/2 3)
(25 59 59 1 2)
(25 62 61 1/2 1)
(25 71 66 1/2 0)
(51/2 52 55 1/2 3)
(51/2 67 64 1/2 1)
(51/2 73 67 1/2 0)
(26 54 56 1/2 3)
(26 57 58 1 2)
(26 66 63 1 1)
(26 74 68 1 0)
(53/2 52 55 1/2 3)
(27 50 54 1/2 3)
(27 62 61 3/2 2)
(27 69 65 1 1)
(27 78 70 1 0)
(55/2 52 55 1/4 3)
(111/4 54 56 1/4 3)
(28 55 57 1/2 3)
(28 71 66 1/2 1)
(28 76 69 2 0)
(57/2 52 55 1/2 3)
(57/2 61 60 1/4 2)
(57/2 67 64 1/2 1)
(115/4 59 59 1/4 2)
(29 57 58 1 3)
(29 61 60 1 2)
(29 64 62 1/2 1)
(59/2 69 65 1/4 1)
(119/4 67 64 1/4 1)
(30 50 54 2 3)
(30 57 58 2 2)
(30 66 63 2 1)
(30 74 68 2 0)
(32 60 60 1 2)
(32 60 60 3/2 3)
(32 67 64 1/2 1)
(32 76 69 1 0)
(65/2 64 62 1/2 1)
(33 62 61 1 2)
(33 66 63 1/2 1)
(33 74 68 1 0)
(67/2 59 59 1/2 3)
(67/2 68 64 1/2 1)
(34 57 58 3/2 3)
(34 64 62 1/2 2)
(34 69 65 1 1)
(34 72 67 1 0)
(69/2 62 61 1/2 2)
(35 60 60 1/2 2)
(35 64 62 1 1)
(35 76 69 1 0)
(71/2 55 57 1/2 3)
(71/2 59 59 1/2 2)
(36 53 56 3/2 3)
(36 57 58 1/2 2)
(36 69 65 1/2 1)
(36 74 68 1 0)
(73/2 59 59 1/2 2)
(73/2 68 64 1/2 1)
(37 60 60 1/2 2)
(37 69 65 3/2 1)
(37 72 67 1 0)
(75/2 52 55 1/2 3)
(75/2 62 61 1/4 2)
(151/4 64 62 1/4 2)
(38 50 54 1/2 3)
(38 65 63 1/2 2)
(38 71 66 2 0)
(77/2 47 52 1/2 3)
(77/2 62 61 1/2 2)
(77/2 68 64 1/4 1)
(155/4 66 63 1/4 1)
(39 52 55 1 3)
(39 59 59 1/2 2)
(39 68 64 1 1)
(79/2 64 62 1/4 2)
(159/4 62 61 1/4 2)
(40 45 51 2 3)
(40 60 60 2 2)
(40 64 62 2 1)
(40 69 65 2 0)
(42 45 51 1/2 3)
(42 60 60 1 2)
(42 64 62 1 1)
(42 69 65 1 0)
(85/2 48 53 1/2 3)
(43 52 55 1/2 3)
(43 59 59 1 2)
(43 64 62 1 1)
(43 68 64 1 0)
(87/2 50 54 1/2 3)
(44 48 53 1/2 3)
(44 60 60 1 2)
(44 64 62 1 1)
(44 69 65 1 0)
(89/2 47 52 1/2 3)
(45 45 51 1/2 3)
(45 59 59 3/2 2)
(45 64 62 1 1)
(45 71 66 1 0)
(91/2 44 50 1/2 3)
(46 45 51 1/2 3)
(46 64 62 1 1)
(46 72 67 1 0)
(93/2 47 52 1/2 3)
(93/2 57 58 1/4 2)
(187/4 56 57 1/4 2)
(47 48 53 1/2 3)
(47 57 58 2 2)
(47 64 62 1 1)
(47 72 67 1 0)
(95/2 50 54 1/2 3)
(48 52 55 2 3)
(48 64 62 2 1)
(48 71 66 2 0)
(49 56 57 1 2)
(50 52 55 1/2 3)
(50 59 59 1/2 2)
(50 64 62 3/2 1)
(50 67 64 1 0)
(101/2 48 53 1/2 3)
(101/2 60 60 1/4 2)
(203/4 59 59 1/4 2)
(51 53 56 3/2 3)
(51 57 58 1 2)
(51 69 65 1 0)
(103/2 62 61 1/4 1)
(207/4 60 60 1/4 1)
(52 55 57 1/2 2)
(52 62 61 1/2 1)
(52 71 66 1 0)
(105/2 52 55 1/2 3)
(105/2 59 59 1/2 2)
(105/2 67 64 1 1)
(53 57 58 1/4 2)
(53 57 58 1/2 3)
(53 72 67 1 0)
(213/4 59 59 1/4 2)
(107/2 55 57 1/2 3)
(107/2 60 60 1/2 2)
(107/2 65 63 1/4 1)
(215/4 64 62 1/4 1)
(54 53 56 1/2 3)
(54 62 61 3/2 2)
(54 69 65 1 1)
(54 72 67 1 0)
(109/2 50 54 1/2 3)
(55 55 57 1 3)
(55 67 64 1 1)
(55 71 66 1 0)
(111/2 65 63 1/2 2)
(56 48 53 2 3)
(56 64 62 2 2)
(56 67 64 2 1)
(56 72 67 2 0)
(58 48 53 1/2 3)
(58 62 61 1 2)
(58 67 64 1 1)
(58 74 68 3/2 0)
(117/2 50 54 1/2 3)
(59 52 55 1 3)
(59 57 58 1 2)
(59 66 63 1 1)
(119/2 72 67 1/2 0)
(60 43 50 1/2 3)
(60 55 57 1 2)
(60 62 61 1 1)
(60 71 66 1 0)
(121/2 55 57 1 3)
(61 57 58 1 2)
(61 62 61 1 1)
(61 69 65 1 0)
(123/2 54 56 1/2 3)
(62 52 55 1/2 3)
(62 59 59 1/2 2)
(62 64 62 1/2 1)
(62 67 64 1/2 0)
(125/2 50 54 1/2 3)
(125/2 60 60 1/2 2)
(125/2 66 63 1/2 1)
(125/2 69 65 1/2 0)
(63 48 53 1/2 3)
(63 62 61 1 2)
(63 67 64 3/2 1)
(63 71 66 1 0)
(127/2 47 52 1/2 3)
(64 48 53 1/2 3)
(64 64 62 1/2 2)
(64 69 65 2 0)
(129/2 45 51 1/2 3)
(129/2 60 60 1/2 2)
(129/2 66 63 1/4 1)
(259/4 64 62 1/4 1)
(65 50 54 1 3)
(65 57 58 1/2 2)
(65 66 63 1 1)
(131/2 62 61 1/4 2)
(263/4 60 60 1/4 2)
(66 43 50 2 3)
(66 59 59 2 2)
(66 62 61 2 1)
(66 67 64 2 0)
