((3 (-15 1 4 9)) ("bachChoraleBWV4p8R184" ((62 38 47 2 3) (62 54 56 2 2) (62 57 58 2 1) (62 62 61 2 0)) (53 56) (2 5)))
((1 (9 -15 1 4)) ("bachChoraleBWV10p7R358" ((72 67 64 16 0) (84 43 50 4 3) (84 59 59 4 2) (84 62 61 4 1)) (58 59) (1 5)))
((4 (-15 -8 1 9)) ("bachChoraleBWV26p6R48" ((39 45 51 1 3) (39 52 55 1 2) (39 61 60 1 1) (39 69 65 1 0)) (60 60) (3 5)))
((3 (-12 4 7 12)) ("bachChoraleBWV30p6R76" ((74 43 50 2 3) (74 59 59 2 2) (74 62 61 2 1) (74 67 64 2 0)) (55 57) (1 0)))
((3 (-15 1 4 9)) ("bachChoraleBWV36(2)p8R28" ((30 47 52 2 3) (30 63 61 2 2) (30 66 63 2 1) (30 71 66 2 0)) (62 61) (5 5)))
((3 (-12 -5 4 12)) ("bachChoraleBWV39R67" ((66 43 50 2 3) (66 50 54 2 2) (66 59 59 2 1) (66 67 64 2 0)) (55 57) (1 0)))
((4 (-12 4 7 12)) ("bachChoraleBWV55p5R95" ((63 46 52 1 3) (63 62 61 1 2) (63 65 63 1 1) (63 70 66 1 0)) (58 59) (-2 0)))
((3 (-12 4 7 12)) ("bachChoraleBWV115p6R38" ((54 39 48 2 3) (54 55 57 2 2) (54 58 59 2 1) (54 63 62 2 0)) (51 55) (-3 0)))
((1 (-12 -5 4 12)) ("bachChoraleBWV133p6R60" ((60 50 54 3 3) (60 57 58 3 2) (60 66 63 3 1) (60 74 68 3 0)) (62 61) (2 0)))
((3 (-12 -8 -5 0)) ("bachChoraleBWV140p7R179" ((98 51 55 2 3) (98 55 57 2 2) (98 58 59 2 1) (98 63 62 2 0)) (63 62) (-3 0)))
((1 (-24 -8 -5 0)) ("bachChoraleBWV151p5R54" ((36 43 50 3 3) (36 59 59 3 2) (36 62 61 3 1) (36 67 64 3 0)) (67 64) (1 0)))
((3 (-12 -8 -5 0)) ("bachChoraleBWV154p8R152" ((50 50 54 2 3) (50 54 56 2 2) (50 57 58 2 1) (50 62 61 2 0)) (62 61) (2 0)))
((3 (-24 -8 -5 0)) ("bachChoraleBWV159p5R61" ((62 39 48 2 3) (62 55 57 2 2) (62 58 59 2 1) (62 63 62 2 0)) (63 62) (-3 0)))
((1 (-24 -8 -5 0)) ("bachChoraleBWV180p7R22" ((76 39 48 4 3) (76 55 57 4 2) (76 58 59 4 1) (76 63 62 4 0)) (63 62) (-3 0)))
((3 (-12 -5 4 12)) ("bachChoraleBWV226R69" ((94 43 50 1 3) (94 50 54 1 2) (94 59 59 1 1) (94 67 64 1 0)) (55 57) (1 0)))
((1 (-15 -11 -8 -3)) ("bachChoraleBWV227p11R263" ((72 52 55 4 3) (72 56 57 4 2) (72 59 59 4 1) (72 64 62 4 0)) (67 64) (4 5)))
((3 (-19 -12 -3 5)) ("bachChoraleBWV240R40" ((30 48 53 1 3) (30 55 57 1 2) (30 64 62 1 1) (30 72 67 1 0)) (67 64) (1 0)))
((3 (-24 -8 -5 0)) ("bachChoraleBWV244p37" ((46 41 49 1 3) (46 57 58 1 2) (46 60 60 1 1) (46 65 63 1 0)) (65 63) (-1 0)))
((1 (-12 -5 0 4)) ("bachChoraleBWV244R98" ((60 50 54 3 3) (60 57 58 3 2) (60 62 61 3 1) (60 66 63 3 0)) (62 61) (5 5)))
((1 (-15 1 4 9)) ("bachChoraleBWV245p3R59" ((40 43 50 3 3) (40 59 59 3 2) (40 62 61 3 1) (40 67 64 3 0)) (58 59) (1 5)))
((3 (-24 -8 -5 0)) ("bachChoraleBWV245p28R106" ((62 45 51 2 3) (62 61 60 2 2) (62 64 62 2 1) (62 69 65 2 0)) (69 65) (3 0)))
((3 (-24 -8 -5 0)) ("bachChoraleBWV248R9" ((62 43 50 1 3) (62 59 59 1 2) (62 62 61 1 1) (62 67 64 1 0)) (67 64) (1 0)))
((3 (-12 -8 -5 0)) ("bachChoraleBWV248R46" ((30 50 54 1 3) (30 54 56 1 2) (30 57 58 1 1) (30 62 61 1 0)) (62 61) (2 0)))
((3 (-15 1 4 9)) ("bachChoraleBWV259R39" ((46 40 48 2 3) (46 56 57 2 2) (46 59 59 2 1) (46 64 62 2 0)) (55 57) (4 5)))
((3 (-12 -8 0 0)) ("bachChoraleBWV262R153" ((62 50 54 2 3) (62 54 56 2 2) (62 62 61 2 0) (62 62 61 2 1)) (62 61) (2 0)))
((3 (-12 4 7 12)) ("bachChoraleBWV268R124" ((42 43 50 1 3) (42 59 59 1 2) (42 62 61 1 1) (42 67 64 1 0)) (55 57) (4 5)))
((3 (-24 -8 -5 0)) ("bachChoraleBWV293R239" ((54 36 46 2 3) (54 52 55 2 2) (54 55 57 2 1) (54 60 60 2 0)) (60 60) (0 0)))
((3 (-15 -8 1 9)) ("bachChoraleBWV301R134" ((74 50 54 2 3) (74 57 58 2 2) (74 66 63 2 1) (74 74 68 2 0)) (65 63) (2 5)))
((3 (-24 -8 -5 0)) ("bachChoraleBWV325R235" ((66 41 49 2 3) (66 57 58 2 2) (66 60 60 2 1) (66 65 63 2 0)) (65 63) (-1 0)))
((1 (-15 -8 1 9)) ("bachChoraleBWV330R33" ((48 45 51 3 3) (48 52 55 3 2) (48 61 60 3 1) (48 69 65 3 0)) (60 60) (3 5)))
((3 (-15 1 4 9)) ("bachChoraleBWV331R287" ((58 45 51 2 3) (58 61 60 2 2) (58 64 62 2 1) (58 69 65 2 0)) (60 60) (3 5)))
((3 (-12 4 7 12)) ("bachChoraleBWV332R136" ((30 43 50 1 3) (30 59 59 1 2) (30 62 61 1 1) (30 67 64 1 0)) (55 57) (1 0)))
((1 (-12 4 7 12)) ("bachChoraleBWV347R2" ((64 45 51 3 3) (64 61 60 3 2) (64 64 62 3 1) (64 69 65 3 0)) (57 58) (3 0)))
((4 (-12 4 7 12)) ("bachChoraleBWV350R360" ((63 46 52 1 3) (63 62 61 1 2) (63 65 63 1 1) (63 70 66 1 0)) (58 59) (-2 0)))
((3 (-15 1 4 9)) ("bachChoraleBWV353R269" ((74 43 50 2 3) (74 59 59 2 2) (74 62 61 2 1) (74 67 64 2 0)) (58 59) (1 5)))
((1 (-15 1 4 9)) ("bachChoraleBWV363R30" ((44 40 48 3 3) (44 56 57 3 2) (44 59 59 3 1) (44 64 62 3 0)) (55 57) (4 5)))
((1 (-15 1 4 9)) ("bachChoraleBWV364R174" ((40 43 50 4 3) (40 59 59 4 2) (40 62 61 4 1) (40 67 64 4 0)) (58 59) (1 5)))
((1 (-12 -5 4 12)) ("bachChoraleBWV367R140" ((44 48 53 3 0) (44 55 57 3 1) (44 64 62 3 2) (44 72 67 3 3)) (60 60) (0 0)))
((3 (-15 1 4 9)) ("bachChoraleBWV372R218" ((70 43 50 2 3) (70 59 59 2 2) (70 62 61 2 1) (70 67 64 2 0)) (58 59) (1 5)))
((1 (-12 4 7 12)) ("bachChoraleBWV373R131" ((56 43 50 4 3) (56 59 59 4 2) (56 62 61 4 1) (56 67 64 4 0)) (55 57) (1 0)))
((3 (-12 4 7 12)) ("bachChoraleBWV379R151" ((54 43 50 2 3) (54 59 59 2 2) (54 62 61 2 1) (54 67 64 2 0)) (55 57) (1 0)))
((3 (-27 -11 -8 -3)) ("bachChoraleBWV381R346" ((58 40 48 2 3) (58 56 57 2 2) (58 59 59 2 1) (58 64 62 2 0)) (67 64) (4 5)))
((1 (-12 4 7 12)) ("bachChoraleBWV386R32" ((60 45 51 3 3) (60 61 60 3 2) (60 64 62 3 1) (60 69 65 3 0)) (57 58) (3 0)))
((3 (-24 -8 -5 0)) ("bachChoraleBWV407R202" ((106 38 47 2 3) (106 54 56 2 2) (106 57 58 2 1) (106 62 61 2 0)) (62 61) (2 0)))
