((4 (-3 9 12 16)) ("bachChoraleBWV4p8R184" ((-1 50 54 1 3) (-1 62 61 1/2 2) (-1 65 63 1 1) (-1 69 65 1 0)) (53 56) (2 5)))
((1 (-3 0 9 16)) ("bachChoraleBWV10p7R358" ((0 55 57 2 3) (0 58 59 2 2) (0 67 64 2 1) (0 74 68 2 0)) (58 59) (1 5)))
((1 (-3 0 4 9)) ("bachChoraleBWV26p6R48" ((0 57 58 1 3) (0 60 60 1 2) (0 64 62 1 1) (0 69 65 1 0)) (60 60) (3 5)))
((1 (-12 4 7 12)) ("bachChoraleBWV30p6R76" ((0 43 50 1 3) (0 59 59 1 2) (0 62 61 1 1) (0 67 64 1 0)) (55 57) (1 0)))
((1 (-3 0 4 9)) ("bachChoraleBWV36<2>p8R28" ((0 59 59 1/2 3) (0 62 61 1 2) (0 66 63 1 1) (0 71 66 1 0)) (62 61) (5 5)))
((1 (0 4 7 12)) ("bachChoraleBWV39R67" ((0 55 57 1 3) (0 59 59 1 2) (0 62 61 1 1) (0 67 64 1 0)) (55 57) (1 0)))
((1 (0 7 16)) ("bachChoraleBWV55p5R95" ((0 58 59 1/2 3) (0 58 59 1 2) (0 65 63 1 1) (0 74 68 1 0)) (58 59) (-2 0)))
((1 (0 7 12 16)) ("bachChoraleBWV115p6R38" ((0 51 55 1/2 3) (0 58 59 1 2) (0 63 62 1 1) (0 67 64 1 0)) (51 55) (-3 0)))
((4 (-12 -5 0 4)) ("bachChoraleBWV133p6R60" ((-1 50 54 1/2 3) (-1 57 58 1 2) (-1 62 61 1/2 1) (-1 66 63 1/2 0)) (62 61) (2 0)))
((1 (-12 -8 -5 0)) ("bachChoraleBWV140p7R179" ((0 51 55 5/2 3) (0 55 57 1 2) (0 58 59 1 1) (0 63 62 1 0)) (63 62) (-3 0)))
((4 (-12 -8 -5 0)) ("bachChoraleBWV151p5R54" ((-1 55 57 1 3) (-1 59 59 1 2) (-1 62 61 1 1) (-1 67 64 1 0)) (67 64) (1 0)))
((1 (-12 0 4 7)) ("bachChoraleBWV154p8R152" ((0 50 54 1/2 3) (0 62 61 1 2) (0 66 63 1/2 1) (0 69 65 1 0)) (62 61) (2 0)))
((1 (-12 -5 0 4)) ("bachChoraleBWV159p5R61" ((0 51 55 1 3) (0 58 59 1 2) (0 63 62 1 1) (0 67 64 1 0)) (63 62) (-3 0)))
((1 (-12 -5 0 4)) ("bachChoraleBWV180p7R22" ((0 51 55 1 3) (0 58 59 1 2) (0 63 62 1 1) (0 67 64 1 0)) (63 62) (-3 0)))
((4 (0 4 12 19)) ("bachChoraleBWV226R69" ((-1 55 57 1 3) (-1 59 59 1 2) (-1 67 64 1 1) (-1 74 68 1 0)) (55 57) (1 0)))
((1 (-15 -3 0 4)) ("bachChoraleBWV227p11R263" ((0 52 55 1 3) (0 64 62 1 2) (0 67 64 1 1) (0 71 66 1 0)) (67 64) (4 5)))
((4 (-19 -3 0 5)) ("bachChoraleBWV240R40" ((-1 48 53 1 3) (-1 64 62 1 2) (-1 67 64 1 1) (-1 72 67 1 0)) (67 64) (1 0)))
((4 (-12 -5 0 4)) ("bachChoraleBWV244p37" ((-1 53 56 1 3) (-1 60 60 1 2) (-1 65 63 1 1) (-1 69 65 1 0)) (65 63) (-1 0)))
((4 (-12 -5 0 4)) ("bachChoraleBWV244R98" ((-1 50 54 1 3) (-1 57 58 1 2) (-1 62 61 1 1) (-1 66 63 1 0)) (62 61) (5 5)))
((4 (-3 0 4 9)) ("bachChoraleBWV245p3R59" ((-1 55 57 1 3) (-1 58 59 1 2) (-1 62 61 1 1) (-1 67 64 1 0)) (58 59) (1 5)))
((1 (-12 -5 0 4)) ("bachChoraleBWV245p28R106" ((0 57 58 1 3) (0 64 62 1 2) (0 69 65 1 1) (0 73 67 1 0)) (69 65) (3 0)))
((4 (-12 -8 -5 0)) ("bachChoraleBWV248R9" ((-1 55 57 1/2 3) (-1 59 59 1 2) (-1 62 61 1 1) (-1 67 64 1 0)) (67 64) (1 0)))
((4 (-12 4 7 12)) ("bachChoraleBWV248R46" ((-1 50 54 1 3) (-1 66 63 1 2) (-1 69 65 1 1) (-1 74 68 1 0)) (62 61) (2 0)))
((1 (-3 0 4 9)) ("bachChoraleBWV259R39" ((0 52 55 1/2 3) (0 55 57 1 2) (0 59 59 1 1) (0 64 62 1 0)) (55 57) (4 5)))
((1 (-12 -8 0 7)) ("bachChoraleBWV262R153" ((0 50 54 1 3) (0 54 56 1 2) (0 62 61 1 1) (0 69 65 1 0)) (62 61) (2 0)))
((4 (0 7 12 16)) ("bachChoraleBWV268R124" ((-1 55 57 1/2 3) (-1 62 61 1 2) (-1 67 64 1 1) (-1 71 66 1 0)) (55 57) (4 5)))
((1 (-12 0 4 7)) ("bachChoraleBWV293R239" ((0 48 53 3/2 3) (0 60 60 1 2) (0 64 62 1 1) (0 67 64 1 0)) (60 60) (0 0)))
((1 (-15 -8 0 9)) ("bachChoraleBWV301R134" ((0 50 54 3/2 3) (0 57 58 1 2) (0 65 63 1 1) (0 74 68 1 0)) (65 63) (2 5)))
((1 (-24 -8 0 7)) ("bachChoraleBWV325R235" ((0 41 49 1/2 3) (0 57 58 1/2 2) (0 65 63 1 1) (0 72 67 1 0)) (65 63) (-1 0)))
((1 (-15 0 4 9)) ("bachChoraleBWV330R33" ((0 45 51 1/2 3) (0 60 60 1/2 2) (0 64 62 1/2 1) (0 69 65 1 0)) (60 60) (3 5)))
((1 (-15 0 4 9)) ("bachChoraleBWV331R287" ((0 45 51 1 3) (0 60 60 1 2) (0 64 62 1 1) (0 69 65 1 0)) (60 60) (3 5)))
((4 (-12 4 7 12)) ("bachChoraleBWV332R136" ((-1 43 50 1 3) (-1 59 59 1 2) (-1 62 61 1 1) (-1 67 64 1 0)) (55 57) (1 0)))
((4 (0 4 7 12)) ("bachChoraleBWV347R2" ((-1 57 58 1/2 3) (-1 61 60 1 2) (-1 64 62 1 1) (-1 69 65 1 0)) (57 58) (3 0)))
((1 (0 7 12 16)) ("bachChoraleBWV350R360" ((0 58 59 1 3) (0 65 63 1 2) (0 70 66 1 1) (0 74 68 1 0)) (58 59) (-2 0)))
((1 (-3 0 9 16)) ("bachChoraleBWV353R269" ((0 55 57 1/2 3) (0 58 59 1/2 2) (0 67 64 1/2 1) (0 74 68 1 0)) (58 59) (1 5)))
((1 (-3 0 4 9)) ("bachChoraleBWV363R30" ((0 52 55 3/2 3) (0 55 57 1 2) (0 59 59 1 1) (0 64 62 1 0)) (55 57) (4 5)))
((1 (-15 0 4 9)) ("bachChoraleBWV364R174" ((0 43 50 1/2 3) (0 58 59 1 2) (0 62 61 1 1) (0 67 64 1 0)) (58 59) (1 5)))
((4 (-12 0 4 7)) ("bachChoraleBWV367R140" ((-1 48 53 1 0) (-1 60 60 1 1) (-1 64 62 1 2) (-1 67 64 1 3)) (60 60) (0 0)))
((1 (-15 0 4 9)) ("bachChoraleBWV372R218" ((0 43 50 1/2 3) (0 58 59 1 2) (0 62 61 1 1) (0 67 64 1 0)) (58 59) (1 5)))
((1 (-12 0 7 16)) ("bachChoraleBWV373R131" ((0 43 50 1 3) (0 55 57 1/2 2) (0 62 61 1 1) (0 71 66 1 0)) (55 57) (1 0)))
((1 (0 7 12 16)) ("bachChoraleBWV379R151" ((0 55 57 1/2 3) (0 62 61 1 2) (0 67 64 1 1) (0 71 66 1 0)) (55 57) (1 0)))
((1 (-27 -3 0 4)) ("bachChoraleBWV381R346" ((0 40 48 1 3) (0 64 62 1 2) (0 67 64 1 1) (0 71 66 1 0)) (67 64) (4 5)))
((4 (-12 4 12 19)) ("bachChoraleBWV386R32" ((-1 45 51 1 3) (-1 61 60 1 2) (-1 69 65 1 1) (-1 76 69 1 0)) (57 58) (3 0)))
((1 (-12 0 4 7)) ("bachChoraleBWV407R202" ((0 50 54 3/2 3) (0 62 61 1 2) (0 66 63 1 1) (0 69 65 1 0)) (62 61) (2 0)))
