((4 (-4 4 11 16)) ("bachChoraleBWV4p8R184" ((7 49 53 1 3) (7 57 58 1 2) (7 64 62 1 1) (7 69 65 1 0)) (53 56) (2 5)))
((4 (-3 9 12 16)) ("bachChoraleBWV4p8R184" ((15 50 54 1 3) (15 62 61 1/2 2) (15 65 63 1 1) (15 69 65 1 0)) (53 56) (2 5)))
((4 (-4 4 11 16)) ("bachChoraleBWV4p8R184" ((23 49 53 1 3) (23 57 58 1 2) (23 64 62 1 1) (23 69 65 1 0)) (53 56) (2 5)))
((1 (-3 0 4 9)) ("bachChoraleBWV4p8R184" ((32 50 54 3/2 3) (32 53 56 1/2 2) (32 57 58 1 1) (32 62 61 1/2 0)) (53 56) (2 5)))
((4 (0 7 12 16)) ("bachChoraleBWV4p8R184" ((39 53 56 1/2 3) (39 60 60 1 2) (39 65 63 1/2 1) (39 69 65 1 0)) (53 56) (2 5)))
((4 (-3 0 9 18)) ("bachChoraleBWV4p8R184" ((47 50 54 1 3) (47 53 56 1 2) (47 62 61 1 1) (47 71 66 1 0)) (53 56) (2 5)))
((1 (0 7 16)) ("bachChoraleBWV4p8R184" ((56 53 56 1 2) (56 53 56 1 3) (56 60 60 1/2 1) (56 69 65 1 0)) (53 56) (2 5)))
((1 (0 7 16)) ("bachChoraleBWV10p7R358" ((20 58 59 2 3) (20 58 59 4 2) (20 65 63 4 1) (20 74 68 2 0)) (58 59) (1 5)))
((1 (-3 0 9 16)) ("bachChoraleBWV10p7R358" ((36 55 57 2 3) (36 58 59 2 2) (36 67 64 2 1) (36 74 68 2 0)) (58 59) (1 5)))
((1 (-12 16)) ("bachChoraleBWV10p7R358" ((56 46 52 1 3) (56 74 68 2 0)) (58 59) (1 5)))
((1 (-3 4 12)) ("bachChoraleBWV26p6R48" ((4 57 58 1 2) (4 57 58 1 3) (4 64 62 1 1) (4 72 67 1 0)) (60 60) (3 5)))
((1 (0 7 16)) ("bachChoraleBWV26p6R48" ((8 60 60 1/2 2) (8 60 60 1/2 3) (8 67 64 1 1) (8 76 69 1 0)) (60 60) (3 5)))
((1 (-3 1 9 16)) ("bachChoraleBWV26p6R48" ((16 57 58 1/2 3) (16 61 60 1/2 2) (16 69 65 1 1) (16 76 69 1 0)) (60 60) (3 5)))
((1 (-5 -1 7 14)) ("bachChoraleBWV26p6R48" ((24 55 57 1/2 3) (24 59 59 1/2 2) (24 67 64 1 1) (24 74 68 1 0)) (60 60) (3 5)))
((1 (-7 -3 5 12)) ("bachChoraleBWV26p6R48" ((32 53 56 1 3) (32 57 58 1 2) (32 65 63 1 1) (32 72 67 1 0)) (60 60) (3 5)))
((3 (-15 4 9 12)) ("bachChoraleBWV30p6R76" ((10 40 48 1 3) (10 59 59 1 2) (10 64 62 1 1) (10 67 64 1 0)) (55 57) (1 0)))
((1 (-12 4 7 12)) ("bachChoraleBWV30p6R76" ((20 43 50 1 3) (20 59 59 1 2) (20 62 61 1 1) (20 67 64 1 0)) (55 57) (1 0)))
((3 (-15 4 9 12)) ("bachChoraleBWV30p6R76" ((30 40 48 1 3) (30 59 59 1 2) (30 64 62 1 1) (30 67 64 1 0)) (55 57) (1 0)))
((1 (-12 7 12 16)) ("bachChoraleBWV30p6R76" ((40 43 50 1 3) (40 62 61 1 2) (40 67 64 1 1) (40 71 66 1 0)) (55 57) (1 0)))
((1 (-8 0 7 19)) ("bachChoraleBWV30p6R76" ((48 47 52 1/2 3) (48 55 57 1/2 2) (48 62 61 1 1) (48 74 68 1 0)) (55 57) (1 0)))
((1 (0 7 12 16)) ("bachChoraleBWV30p6R76" ((56 55 57 1 3) (56 62 61 1 2) (56 67 64 1 1) (56 71 66 1/2 0)) (55 57) (1 0)))
((3 (-15 9 13 16)) ("bachChoraleBWV30p6R76" ((66 40 48 1 3) (66 64 62 1 2) (66 68 64 1 1) (66 71 66 1/2 0)) (55 57) (1 0)))
((1 (-15 0 4 9)) ("bachChoraleBWV36<2>p8R28" ((8 47 52 1 3) (8 62 61 1/2 2) (8 66 63 3/2 1) (8 71 66 1/2 0)) (62 61) (5 5)))
((1 (-8 -5 7 12)) ("bachChoraleBWV36<2>p8R28" ((16 54 56 1/2 3) (16 57 58 1 2) (16 69 65 1 1) (16 74 68 1 0)) (62 61) (5 5)))
((1 (-3 0 4 9)) ("bachChoraleBWV36<2>p8R28" ((24 59 59 1/2 3) (24 62 61 1 2) (24 66 63 1 1) (24 71 66 1 0)) (62 61) (5 5)))
((1 (-15 -3 4 9 12)) ("bachChoraleBWV39R67" ((8 40 48 1 4) (8 52 55 1 3) (8 59 59 1 2) (8 64 62 1 1) (8 67 64 1 0)) (55 57) (1 0)))
((1 (-12 0 4 7 12)) ("bachChoraleBWV39R67" ((16 43 50 1 4) (16 55 57 1 3) (16 59 59 1 2) (16 62 61 1 1) (16 67 64 1 0)) (55 57) (1 0)))
((1 (-15 -3 4 9 12)) ("bachChoraleBWV39R67" ((24 40 48 1 4) (24 52 55 1 3) (24 59 59 1 2) (24 64 62 1 1) (24 67 64 1 0)) (55 57) (1 0)))
((1 (-12 7 12 16)) ("bachChoraleBWV39R67" ((32 43 50 1 3) (32 43 50 1 4) (32 62 61 1 2) (32 67 64 1 1) (32 71 66 1 0)) (55 57) (1 0)))
((1 (-12 -8 0 7 19)) ("bachChoraleBWV39R67" ((40 43 50 1 4) (40 47 52 1 3) (40 55 57 1/2 2) (40 62 61 1 1) (40 74 68 1 0)) (55 57) (1 0)))
((1 (-12 0 7 12 16)) ("bachChoraleBWV39R67" ((48 43 50 1 4) (48 55 57 1 3) (48 62 61 1/2 2) (48 67 64 1 1) (48 71 66 1/2 0)) (55 57) (1 0)))
((3 (-15 -3 0 9 16)) ("bachChoraleBWV39R67" ((58 40 48 1 4) (58 52 55 1 3) (58 55 57 1 2) (58 64 62 1 1) (58 71 66 1/2 0)) (55 57) (1 0)))
((1 (-12 7 12 16)) ("bachChoraleBWV55p5R95" ((8 46 52 1 3) (8 65 63 1 2) (8 70 66 1 1) (8 74 68 1 0)) (58 59) (-2 0)))
((1 (0 7 16)) ("bachChoraleBWV55p5R95" ((16 58 59 1/2 3) (16 58 59 1 2) (16 65 63 1 1) (16 74 68 1 0)) (58 59) (-2 0)))
((1 (-12 7 12 16)) ("bachChoraleBWV55p5R95" ((24 46 52 1 3) (24 65 63 1 2) (24 70 66 1 1) (24 74 68 1 0)) (58 59) (-2 0)))
((1 (-5 -1 7 14)) ("bachChoraleBWV55p5R95" ((32 53 56 1/2 3) (32 57 58 1 2) (32 65 63 1 1) (32 72 67 1 0)) (58 59) (-2 0)))
((1 (2 9 17)) ("bachChoraleBWV55p5R95" ((40 60 60 1 2) (40 60 60 1 3) (40 67 64 1 1) (40 75 69 1 0)) (58 59) (-2 0)))
((1 (-3 0 9 16)) ("bachChoraleBWV55p5R95" ((48 55 57 1 3) (48 58 59 1 2) (48 67 64 1 1) (48 74 68 1 0)) (58 59) (-2 0)))
((1 (-12 7 12 16)) ("bachChoraleBWV55p5R95" ((56 46 52 1 3) (56 65 63 1 2) (56 70 66 1 1) (56 74 68 1 0)) (58 59) (-2 0)))
((1 (-7 5 12 21)) ("bachChoraleBWV115p6R38" ((8 44 51 1/2 3) (8 56 58 1 2) (8 63 62 1 1) (8 72 67 1 0)) (51 55) (-3 0)))
((1 (0 7 12 16)) ("bachChoraleBWV115p6R38" ((16 51 55 1/2 3) (16 58 59 1 2) (16 63 62 1 1) (16 67 64 1 0)) (51 55) (-3 0)))
((1 (-7 5 12 21)) ("bachChoraleBWV115p6R38" ((24 44 51 1/2 3) (24 56 58 1 2) (24 63 62 1 1) (24 72 67 1 0)) (51 55) (-3 0)))
((1 (-1 7 14 19)) ("bachChoraleBWV115p6R38" ((32 50 54 1/2 3) (32 58 59 1 2) (32 65 63 1/2 1) (32 70 66 1 0)) (51 55) (-3 0)))
((1 (1 4 9 21)) ("bachChoraleBWV115p6R38" ((36 52 55 1/2 3) (36 55 57 1/2 2) (36 60 60 1 1) (36 72 67 3/2 0)) (51 55) (-3 0)))
((1 (-1 7 14 19)) ("bachChoraleBWV115p6R38" ((40 50 54 1/2 3) (40 58 59 1/2 2) (40 65 63 1 1) (40 70 66 1 0)) (51 55) (-3 0)))
((1 (-10 5 14 21)) ("bachChoraleBWV115p6R38" ((48 41 49 1/2 3) (48 56 58 1 2) (48 65 63 1 1) (48 72 67 1 0)) (51 55) (-3 0)))
((3 NIL) ("bachChoraleBWV133p6R60" NIL (62 61) (2 0)))
((4 (-12 -5 0 4)) ("bachChoraleBWV133p6R60" ((15 50 54 1/2 3) (15 57 58 1 2) (15 62 61 1/2 1) (15 66 63 1/2 0)) (62 61) (2 0)))
((3 NIL) ("bachChoraleBWV133p6R60" NIL (62 61) (2 0)))
((4 (-6 -3 2 14)) ("bachChoraleBWV133p6R60" ((31 56 57 1 3) (31 59 59 1 2) (31 64 62 1 1) (31 76 69 1/2 0)) (62 61) (2 0)))
((4 (-5 -1 2 7)) ("bachChoraleBWV133p6R60" ((39 57 58 1 3) (39 61 60 1 2) (39 64 62 1 1) (39 69 65 1 0)) (62 61) (2 0)))
((4 (-7 -1 2 7)) ("bachChoraleBWV133p6R60" ((47 55 57 1 3) (47 61 60 1 2) (47 64 62 1 1) (47 69 65 1 0)) (62 61) (2 0)))
((3 NIL) ("bachChoraleBWV133p6R60" NIL (62 61) (2 0)))
((3 NIL) ("bachChoraleBWV140p7R179" NIL (63 62) (-3 0)))
((3 NIL) ("bachChoraleBWV140p7R179" NIL (63 62) (-3 0)))
((1 (-12 -8 -5 0)) ("bachChoraleBWV140p7R179" ((32 51 55 5/2 3) (32 55 57 1 2) (32 58 59 1 1) (32 63 62 1 0)) (63 62) (-3 0)))
((3 NIL) ("bachChoraleBWV140p7R179" NIL (63 62) (-3 0)))
((3 NIL) ("bachChoraleBWV140p7R179" NIL (63 62) (-3 0)))
((4 (-13 -5 2 7)) ("bachChoraleBWV140p7R179" ((63 50 54 1 3) (63 58 59 1 2) (63 65 63 1 1) (63 70 66 1 0)) (63 62) (-3 0)))
((3 NIL) ("bachChoraleBWV140p7R179" NIL (63 62) (-3 0)))
((3 NIL) ("bachChoraleBWV140p7R179" NIL (63 62) (-3 0)))
((4 (0 4 7)) ("bachChoraleBWV140p7R179" ((83 63 62 1 2) (83 63 62 1 3) (83 67 64 1 1) (83 70 66 1 0)) (63 62) (-3 0)))
((4 (-3 0 4 12)) ("bachChoraleBWV140p7R179" ((87 60 60 1 3) (87 63 62 1 2) (87 67 64 1/2 1) (87 75 69 1/2 0)) (63 62) (-3 0)))
((4 (-12 0 4 7)) ("bachChoraleBWV140p7R179" ((91 51 55 1/2 3) (91 63 62 1 2) (91 67 64 1/2 1) (91 70 66 1 0)) (63 62) (-3 0)))
((4 (-17 -1 7 14)) ("bachChoraleBWV151p5R54" ((7 38 47 1 4) (7 54 56 1 3) (7 62 61 1 2) (7 69 65 1 0) (7 69 65 1 1)) (55 57) (1 0)))
((3 NIL) ("bachChoraleBWV151p5R54" NIL (55 57) (1 0)))
((4 (-8 4 11 19)) ("bachChoraleBWV151p5R54" ((23 47 52 1 3) (23 47 52 1 4) (23 59 59 1 2) (23 66 63 1 1) (23 74 68 1 0)) (55 57) (1 0)))
((4 (-12 0 4 12 19)) ("bachChoraleBWV151p5R54" ((31 43 50 1 4) (31 55 57 1 3) (31 59 59 1 2) (31 67 64 1 1) (31 74 68 1 0)) (55 57) (1 0)))
((1 (-17 -1 7 14)) ("bachChoraleBWV154p8R152" ((8 45 51 1/2 3) (8 61 60 1 2) (8 69 65 1 1) (8 76 69 1 0)) (62 61) (2 0)))
((3 (-12 0 4 7)) ("bachChoraleBWV154p8R152" ((18 50 54 1/2 3) (18 62 61 1 2) (18 66 63 1/2 1) (18 69 65 1 0)) (62 61) (2 0)))
((3 (-8 -5 -1 7)) ("bachChoraleBWV154p8R152" ((26 54 56 1/2 3) (26 57 58 1 2) (26 61 60 1 1) (26 69 65 1 0)) (62 61) (2 0)))
((1 (-15 -3 4 12)) ("bachChoraleBWV154p8R152" ((36 47 52 1/2 3) (36 59 59 1 2) (36 66 63 1 1) (36 74 68 1 0)) (62 61) (2 0)))
((1 (-8 -1 4 7)) ("bachChoraleBWV154p8R152" ((44 54 56 1/2 3) (44 61 60 1 2) (44 66 63 1 1) (44 69 65 1 0)) (62 61) (2 0)))
((1 (-7 -3 0 9)) ("bachChoraleBWV159p5R61" ((8 56 58 1 3) (8 60 60 1 2) (8 63 62 1/2 1) (8 72 67 1 0)) (63 62) (-3 0)))
((1 (-12 -5 0 4)) ("bachChoraleBWV159p5R61" ((16 51 55 1/2 3) (16 58 59 1 2) (16 63 62 1 1) (16 67 64 1 0)) (63 62) (-3 0)))
((1 (-15 -8 -3 0)) ("bachChoraleBWV159p5R61" ((24 48 53 1/2 3) (24 55 57 1 2) (24 60 60 1 1) (24 63 62 1 0)) (63 62) (-3 0)))
((1 (-15 -3 0 4)) ("bachChoraleBWV159p5R61" ((32 48 53 1 3) (32 60 60 1 2) (32 63 62 1 1) (32 67 64 1 0)) (63 62) (-3 0)))
((1 (-10 -7 -3 2)) ("bachChoraleBWV159p5R61" ((40 53 56 1/2 3) (40 56 58 1/2 2) (40 60 60 1 1) (40 65 63 1 0)) (63 62) (-3 0)))
((1 (-13 -5 2 7)) ("bachChoraleBWV159p5R61" ((48 50 54 1/2 3) (48 58 59 1 2) (48 65 63 1 1) (48 70 66 1 0)) (63 62) (-3 0)))
((1 (-12 -5 0 4)) ("bachChoraleBWV159p5R61" ((56 51 55 3/2 3) (56 58 59 1/2 2) (56 63 62 3/2 1) (56 67 64 1/2 0)) (63 62) (-3 0)))
((3 (-13 -5 2 7)) ("bachChoraleBWV180p7R22" ((10 50 54 1 3) (10 58 59 1 2) (10 65 63 1 1) (10 70 66 1 0)) (63 62) (-3 0)))
((1 (-12 -5 0 4)) ("bachChoraleBWV180p7R22" ((20 51 55 1 3) (20 58 59 1 2) (20 63 62 1 1) (20 67 64 1 0)) (63 62) (-3 0)))
((3 (-13 -5 2 7)) ("bachChoraleBWV180p7R22" ((30 50 54 1 3) (30 58 59 1 2) (30 65 63 1 1) (30 70 66 1 0)) (63 62) (-3 0)))
((1 (-12 0 4 7)) ("bachChoraleBWV180p7R22" ((40 51 55 1 3) (40 63 62 1 2) (40 67 64 1 1) (40 70 66 1 0)) (63 62) (-3 0)))
((3 (-12 -8 0 7)) ("bachChoraleBWV180p7R22" ((50 51 55 1 3) (50 55 57 1 2) (50 63 62 1 1) (50 70 66 1 0)) (63 62) (-3 0)))
((1 (-5 -1 2)) ("bachChoraleBWV180p7R22" ((60 58 59 1 2) (60 58 59 1 3) (60 62 61 1 1) (60 65 63 1 0)) (63 62) (-3 0)))
((1 (-20 -5 -1 7)) ("bachChoraleBWV180p7R22" ((68 43 50 1 3) (68 58 59 1 2) (68 62 61 1 1) (68 70 66 1 0)) (63 62) (-3 0)))
((3 (-12 0 7 12 16)) ("bachChoraleBWV226R69" ((6 43 50 1 4) (6 55 57 1/2 3) (6 62 61 1 2) (6 67 64 1 1) (6 71 66 1 0)) (55 57) (1 0)))
((3 NIL) ("bachChoraleBWV226R69" NIL (55 57) (1 0)))
((4 (-12 0 4 7 12)) ("bachChoraleBWV226R69" ((19 43 50 1 4) (19 55 57 1 3) (19 59 59 1 2) (19 62 61 1 1) (19 67 64 1 0)) (55 57) (1 0)))
((3 NIL) ("bachChoraleBWV226R69" NIL (55 57) (1 0)))
((3 NIL) ("bachChoraleBWV226R69" NIL (55 57) (1 0)))
((4 (-12 0 4 12 19)) ("bachChoraleBWV226R69" ((51 43 50 1 4) (51 55 57 1 3) (51 59 59 1 2) (51 67 64 1/2 1) (51 74 68 1 0)) (55 57) (1 0)))
((4 (-19 -7 5 9 12)) ("bachChoraleBWV226R69" ((59 36 46 1 4) (59 48 53 1/2 3) (59 60 60 1 2) (59 64 62 1 1) (59 67 64 1 0)) (55 57) (1 0)))
((3 NIL) ("bachChoraleBWV226R69" NIL (55 57) (1 0)))
((4 (-17 -5 -1 7 14)) ("bachChoraleBWV226R69" ((83 38 47 1 4) (83 50 54 1 3) (83 54 56 1 2) (83 62 61 1 1) (83 69 65 1 0)) (55 57) (1 0)))
((2 (-17 -1 2 7 14)) ("bachChoraleBWV226R69" ((89 38 47 1 4) (89 54 56 1 3) (89 57 58 2 2) (89 62 61 2 1) (89 69 65 1/2 0)) (55 57) (1 0)))
((1 (-15 -3 0 4)) ("bachChoraleBWV227p11R263" ((8 52 55 1 3) (8 64 62 1/2 2) (8 67 64 1/2 1) (8 71 66 1 0)) (67 64) (4 5)))
((1 (-7 -3 0 9)) ("bachChoraleBWV227p11R263" ((16 60 60 1 3) (16 64 62 1 2) (16 67 64 1/2 1) (16 76 69 1/2 0)) (67 64) (4 5)))
((1 (-15 -3 0 4)) ("bachChoraleBWV227p11R263" ((24 52 55 1 3) (24 64 62 1 2) (24 67 64 1 1) (24 71 66 1 0)) (67 64) (4 5)))
((1 (-15 -3 0 4)) ("bachChoraleBWV227p11R263" ((32 52 55 1 3) (32 64 62 1/2 2) (32 67 64 1/2 1) (32 71 66 1 0)) (67 64) (4 5)))
((1 (-7 -3 0 9)) ("bachChoraleBWV227p11R263" ((40 60 60 1 3) (40 64 62 1 2) (40 67 64 1/2 1) (40 76 69 1/2 0)) (67 64) (4 5)))
((1 (-15 -3 0 4)) ("bachChoraleBWV227p11R263" ((48 52 55 1/2 3) (48 64 62 1 2) (48 67 64 1 1) (48 71 66 1 0)) (67 64) (4 5)))
((1 (-12 -5 0 4)) ("bachChoraleBWV227p11R263" ((56 55 57 1 3) (56 62 61 1 2) (56 67 64 1 1) (56 71 66 1 0)) (67 64) (4 5)))
((3 (-15 -3 0 4)) ("bachChoraleBWV227p11R263" ((66 52 55 1 3) (66 64 62 1 2) (66 67 64 1 1) (66 71 66 1 0)) (67 64) (4 5)))
((4 (-24 -12 0 4 7)) ("bachChoraleBWV240R40" ((3 36 46 1 5) (3 48 53 1 3) (3 60 60 1/2 2) (3 64 62 1/2 1) (3 67 64 1 0)) (60 60) (0 0)))
((4 (-17 -1 7 14)) ("bachChoraleBWV240R40" ((7 43 50 1 3) (7 43 50 1 5) (7 59 59 1 2) (7 67 64 3/2 1) (7 74 68 1 0)) (60 60) (0 0)))
((4 (-24 -8 0 7 12)) ("bachChoraleBWV240R40" ((15 36 46 1 5) (15 52 55 1 3) (15 60 60 1 2) (15 67 64 1 1) (15 72 67 1 0)) (60 60) (0 0)))
((4 (-17 -5 -1 7 14)) ("bachChoraleBWV240R40" ((19 43 50 1 5) (19 55 57 1 3) (19 59 59 1 2) (19 67 64 1 1) (19 74 68 1 0)) (60 60) (0 0)))
((4 (-24 -8 0 7)) ("bachChoraleBWV240R40" ((23 36 46 1 5) (23 52 55 1 3) (23 60 60 1 2) (23 67 64 1 0) (23 67 64 1 1)) (60 60) (0 0)))
((4 (-12 -5 0 4)) ("bachChoraleBWV244p37" ((7 53 56 1/2 3) (7 60 60 1 2) (7 65 63 1 1) (7 69 65 1/2 0)) (65 63) (-1 0)))
((4 (-17 -7 -5 -1)) ("bachChoraleBWV244p37" ((15 48 53 1 3) (15 58 59 1 2) (15 60 60 1 0) (15 64 62 1 1)) (65 63) (-1 0)))
((4 (-16 -8 -1 4)) ("bachChoraleBWV244p37" ((23 49 53 1 3) (23 57 58 1 2) (23 64 62 1 1) (23 69 65 1 0)) (65 63) (-1 0)))
((4 (-3 0 4)) ("bachChoraleBWV244p37" ((31 62 61 1 2) (31 62 61 1 3) (31 65 63 1 1) (31 69 65 1/2 0)) (65 63) (-1 0)))
((4 (-19 -13 -10 -5)) ("bachChoraleBWV244p37" ((39 46 52 1 3) (39 52 55 1 2) (39 55 57 1 1) (39 60 60 1 0)) (65 63) (-1 0)))
((4 (-16 -13 -4 2 11)) ("bachChoraleBWV244R98" ((7 46 51 1 4) (7 49 53 1 3) (7 58 58 1 2) (7 64 62 1 1) (7 73 67 1 0)) (62 61) (5 5)))
((4 (-24 -12 -5 0 4)) ("bachChoraleBWV244R98" ((15 38 47 1 4) (15 50 54 1 3) (15 57 58 1 2) (15 62 61 1 1) (15 66 63 1 0)) (62 61) (5 5)))
((4 (-16 -13 -4 2 11)) ("bachChoraleBWV244R98" ((23 46 51 1 4) (23 49 53 1 3) (23 58 58 1 2) (23 64 62 1 1) (23 73 67 1 0)) (62 61) (5 5)))
((4 (-15 -3 4 9 12)) ("bachChoraleBWV244R98" ((31 47 52 1 4) (31 59 59 1 3) (31 66 63 1 2) (31 71 66 1/2 1) (31 74 68 1 0)) (62 61) (5 5)))
((4 (-24 -12 0 4 7)) ("bachChoraleBWV244R98" ((39 38 47 1 4) (39 50 54 1 3) (39 62 61 1 2) (39 66 63 1 1) (39 69 65 1 0)) (62 61) (5 5)))
((4 (-22 -6 -3 2 12)) ("bachChoraleBWV244R98" ((47 40 48 1 4) (47 56 57 1 3) (47 59 59 1 2) (47 64 62 1 1) (47 74 68 1 0)) (62 61) (5 5)))
((4 (-24 -12 -5 0 4)) ("bachChoraleBWV244R98" ((55 38 47 1 4) (55 50 54 1/2 3) (55 57 58 1 2) (55 62 61 1 1) (55 66 63 1 0)) (62 61) (5 5)))
((4 (-8 4 8 11)) ("bachChoraleBWV245p3R59" ((11 50 54 1 3) (11 62 61 1 2) (11 66 63 1 1) (11 69 65 1 0)) (58 59) (1 5)))
((4 (-15 4 9 12)) ("bachChoraleBWV245p3R59" ((23 43 50 1 3) (23 62 61 1 2) (23 67 64 1/2 1) (23 70 66 1 0)) (58 59) (1 5)))
((4 (-12 7 12 16)) ("bachChoraleBWV245p3R59" ((35 46 52 1 3) (35 65 63 1 2) (35 70 66 1 1) (35 74 68 1 0)) (58 59) (1 5)))
((1 (-10 -7 2 9)) ("bachChoraleBWV245p28R106" ((8 59 59 1 3) (8 62 61 1 2) (8 71 66 1 1) (8 78 70 1 0)) (69 65) (3 0)))
((1 (-12 -5 0 4)) ("bachChoraleBWV245p28R106" ((16 57 58 1 3) (16 64 62 1 2) (16 69 65 1 1) (16 73 67 1 0)) (69 65) (3 0)))
((1 (-15 -8 0)) ("bachChoraleBWV245p28R106" ((24 54 56 1 2) (24 54 56 1 3) (24 61 60 1 1) (24 69 65 1 0)) (69 65) (3 0)))
((1 (-12 -5 0 4)) ("bachChoraleBWV245p28R106" ((32 57 58 1 3) (32 64 62 1 2) (32 69 65 1 1) (32 73 67 1 0)) (69 65) (3 0)))
((1 (-17 -5 -1 2)) ("bachChoraleBWV245p28R106" ((40 52 55 1/2 3) (40 64 62 1 2) (40 68 64 1 1) (40 71 66 1 0)) (69 65) (3 0)))
((1 (-14 -11 -2 7)) ("bachChoraleBWV245p28R106" ((48 55 57 1 3) (48 58 59 1 2) (48 67 64 1 1) (48 76 69 1 0)) (69 65) (3 0)))
((1 (-12 -5 0 4)) ("bachChoraleBWV245p28R106" ((56 57 58 1 3) (56 64 62 1 2) (56 69 65 1 1) (56 73 67 1 0)) (69 65) (3 0)))
((4 (-16 -8 -1 4)) ("bachChoraleBWV248R9" ((7 51 54 1 3) (7 59 59 1/2 2) (7 66 63 1 1) (7 71 66 1 0)) (67 64) (1 0)))
((4 (-12 -8 -5 0)) ("bachChoraleBWV248R9" ((15 55 57 1/2 3) (15 59 59 1 2) (15 62 61 1 1) (15 67 64 1 0)) (67 64) (1 0)))
((4 (-16 -8 -1 4)) ("bachChoraleBWV248R9" ((23 51 54 1 3) (23 59 59 1/2 2) (23 66 63 1 1) (23 71 66 1 0)) (67 64) (1 0)))
((4 (-17 -5 -1 2)) ("bachChoraleBWV248R9" ((31 50 54 1 3) (31 62 61 1/2 2) (31 66 63 1/2 1) (31 69 65 1 0)) (67 64) (1 0)))
((4 (-15 -12 -3 4)) ("bachChoraleBWV248R9" ((39 52 55 1/2 3) (39 55 57 1/2 2) (39 64 62 1/2 1) (39 71 66 1 0)) (67 64) (1 0)))
((4 (-5 2 11)) ("bachChoraleBWV248R9" ((47 62 61 1/2 3) (47 62 61 1 2) (47 69 65 1 1) (47 78 70 1 0)) (67 64) (1 0)))
((4 (-20 -5 0 7)) ("bachChoraleBWV248R9" ((55 47 52 1 3) (55 62 61 3/2 2) (55 67 64 1/2 1) (55 74 68 1 0)) (67 64) (1 0)))
((4 (-12 -5 4 12)) ("bachChoraleBWV248R46" ((7 50 54 1/2 3) (7 57 58 1 2) (7 66 63 1/2 1) (7 74 68 1 0)) (62 61) (2 0)))
((4 (-12 -5 0 4)) ("bachChoraleBWV248R46" ((15 50 54 1 3) (15 57 58 1 2) (15 62 61 1/2 1) (15 66 63 1 0)) (62 61) (2 0)))
((4 (-3 0 4 12)) ("bachChoraleBWV248R46" ((23 59 59 1/2 3) (23 62 61 1/2 2) (23 66 63 1/2 1) (23 74 68 1 0)) (62 61) (2 0)))
((1 (-12 7 12 16)) ("bachChoraleBWV259R39" ((8 43 50 1/2 3) (8 62 61 1 2) (8 67 64 1 1) (8 71 66 1 0)) (55 57) (4 5)))
((1 (-1 7 11 14)) ("bachChoraleBWV259R39" ((16 54 56 1/2 3) (16 62 61 1 2) (16 66 63 1 1) (16 69 65 1 0)) (55 57) (4 5)))
((1 (-15 4 12 21)) ("bachChoraleBWV259R39" ((24 40 48 1/2 3) (24 59 59 1 2) (24 67 64 1 1) (24 76 69 1 0)) (55 57) (4 5)))
((1 (4 7 11 19)) ("bachChoraleBWV259R39" ((32 59 59 1/2 3) (32 62 61 1/2 2) (32 66 63 1 1) (32 74 68 1 0)) (55 57) (4 5)))
((1 (0 6 9 14)) ("bachChoraleBWV259R39" ((40 55 57 1 3) (40 61 60 1 2) (40 64 62 1 1) (40 69 65 1 0)) (55 57) (4 5)))
((1 (-12 -8 0 7)) ("bachChoraleBWV262R153" ((8 50 54 1 3) (8 54 56 1 2) (8 62 61 1 1) (8 69 65 1 0)) (62 61) (2 0)))
((1 (-12 -8 0 7)) ("bachChoraleBWV262R153" ((16 50 54 1 3) (16 54 56 1 2) (16 62 61 1 1) (16 69 65 1 0)) (62 61) (2 0)))
((1 (-12 -8 0 7)) ("bachChoraleBWV262R153" ((24 50 54 1 3) (24 54 56 1 2) (24 62 61 1 1) (24 69 65 1 0)) (62 61) (2 0)))
((1 (-17 -5 -1 2)) ("bachChoraleBWV262R153" ((32 45 51 1 3) (32 57 58 1 2) (32 61 60 1 1) (32 64 62 1 0)) (62 61) (2 0)))
((1 (-10 -7 2 9)) ("bachChoraleBWV262R153" ((40 52 55 2 3) (40 55 57 3/2 2) (40 64 62 1/2 1) (40 71 66 3/2 0)) (62 61) (2 0)))
((1 (-12 -5 0 4)) ("bachChoraleBWV262R153" ((48 50 54 1 3) (48 57 58 1 2) (48 62 61 1 1) (48 66 63 1 0)) (62 61) (2 0)))
((1 (-19 -7 0 9)) ("bachChoraleBWV262R153" ((56 43 50 1 3) (56 55 57 1 2) (56 62 61 1 1) (56 71 66 1 0)) (62 61) (2 0)))
((4 (-7 9 14 21)) ("bachChoraleBWV268R124" ((3 48 53 1 3) (3 64 62 1 2) (3 69 65 1/2 1) (3 76 69 1 0)) (55 57) (4 5)))
((2 (0 4 7 12)) ("bachChoraleBWV268R124" ((9 55 57 1 3) (9 59 59 1 2) (9 62 61 1 1) (9 67 64 1 0)) (55 57) (4 5)))
((4 (0 6 9 14)) ("bachChoraleBWV268R124" ((19 55 57 1 3) (19 61 60 1 2) (19 64 62 1 1) (19 69 65 1 0)) (55 57) (4 5)))
((4 (-4 4 11 16)) ("bachChoraleBWV268R124" ((23 51 54 1 3) (23 59 59 1 2) (23 66 63 2 1) (23 71 66 1/2 0)) (55 57) (4 5)))
((4 (-4 4 11)) ("bachChoraleBWV268R124" ((31 51 54 1 3) (31 59 59 1/2 2) (31 59 59 1 1) (31 66 63 1 0)) (55 57) (4 5)))
((1 (-12 0 7 16)) ("bachChoraleBWV293R239" ((8 48 53 3/2 3) (8 60 60 1/2 2) (8 67 64 1 1) (8 76 69 1 0)) (60 60) (0 0)))
((1 (-20 -1 4 7)) ("bachChoraleBWV293R239" ((16 40 48 1/2 3) (16 59 59 1 2) (16 64 62 1 1) (16 67 64 1 0)) (60 60) (0 0)))
((1 (-7 0 5 9)) ("bachChoraleBWV293R239" ((24 53 56 3/2 3) (24 60 60 1 2) (24 65 63 1/2 1) (24 69 65 1 0)) (60 60) (0 0)))
((1 (-12 4 7 12)) ("bachChoraleBWV293R239" ((32 48 53 3/2 3) (32 64 62 1 2) (32 67 64 1 1) (32 72 67 1 0)) (60 60) (0 0)))
((1 (-12 0 4 7)) ("bachChoraleBWV293R239" ((40 48 53 1/2 3) (40 60 60 1 2) (40 64 62 1/2 1) (40 67 64 1 0)) (60 60) (0 0)))
((1 (-7 0 9)) ("bachChoraleBWV293R239" ((48 53 56 1 2) (48 53 56 1 3) (48 60 60 1/2 1) (48 69 65 1 0)) (60 60) (0 0)))
((3 (-15 -8 -3 0)) ("bachChoraleBWV301R134" ((10 50 54 1/2 3) (10 57 58 1 2) (10 62 61 1 1) (10 65 63 1 0)) (65 63) (2 5)))
((1 (-15 -8 0 9)) ("bachChoraleBWV301R134" ((20 50 54 3/2 3) (20 57 58 1 2) (20 65 63 1 1) (20 74 68 1 0)) (65 63) (2 5)))
((3 (-15 -8 -3 0)) ("bachChoraleBWV301R134" ((30 50 54 1/2 3) (30 57 58 1 2) (30 62 61 1 1) (30 65 63 1 0)) (65 63) (2 5)))
((1 (-15 -8 -3 0)) ("bachChoraleBWV301R134" ((40 50 54 1 3) (40 57 58 1 2) (40 62 61 1 1) (40 65 63 1 0)) (65 63) (2 5)))
((3 (-15 -8 -3 0)) ("bachChoraleBWV301R134" ((50 50 54 1 3) (50 57 58 1 2) (50 62 61 3/2 1) (50 65 63 1 0)) (65 63) (2 5)))
((1 (-12 -5 0 4)) ("bachChoraleBWV301R134" ((60 53 56 1/2 3) (60 60 60 1 2) (60 65 63 1 1) (60 69 65 1 0)) (65 63) (2 5)))
((1 (-12 -8 0 9)) ("bachChoraleBWV301R134" ((68 53 56 1/2 3) (68 57 58 1 2) (68 65 63 1/2 1) (68 74 68 1/2 0)) (65 63) (2 5)))
((3 (-13 -5 2 7)) ("bachChoraleBWV325R235" ((6 52 55 1/2 3) (6 60 60 3/2 2) (6 67 64 1 1) (6 72 67 1 0)) (65 63) (-1 0)))
((3 (-15 -8 0 12)) ("bachChoraleBWV325R235" ((10 50 54 1/2 3) (10 57 58 1 2) (10 65 63 1 1) (10 77 70 1 0)) (65 63) (-1 0)))
((3 (-12 -8 0 7)) ("bachChoraleBWV325R235" ((18 53 56 1 3) (18 57 58 1 2) (18 65 63 1 1) (18 72 67 1 0)) (65 63) (-1 0)))
((1 NIL) ("bachChoraleBWV325R235" NIL (65 63) (-1 0)))
((1 (-12 0 4 7)) ("bachChoraleBWV325R235" ((32 53 56 1/2 3) (32 65 63 1 2) (32 69 65 1 1) (32 72 67 1 0)) (65 63) (-1 0)))
((3 NIL) ("bachChoraleBWV325R235" NIL (65 63) (-1 0)))
((4 (-13 -10 2 7)) ("bachChoraleBWV325R235" ((47 52 55 1 3) (47 55 57 1 2) (47 67 64 1 1) (47 72 67 1 0)) (65 63) (-1 0)))
((4 (-8 -5 0 12)) ("bachChoraleBWV325R235" ((51 57 58 1 3) (51 60 60 1 2) (51 65 63 1 1) (51 77 70 1 0)) (65 63) (-1 0)))
((3 (-12 -8 0 7)) ("bachChoraleBWV325R235" ((58 53 56 1/2 3) (58 57 58 1 2) (58 65 63 1 1) (58 72 67 1 0)) (65 63) (-1 0)))
((1 (-15 4 9 12)) ("bachChoraleBWV330R33" ((8 45 51 1/2 3) (8 64 62 1 2) (8 69 65 1/2 1) (8 72 67 1 0)) (60 60) (3 5)))
((1 (-15 0 4 9)) ("bachChoraleBWV330R33" ((16 45 51 1/2 3) (16 60 60 1/2 2) (16 64 62 1/2 1) (16 69 65 1 0)) (60 60) (3 5)))
((1 (-15 4 9 12)) ("bachChoraleBWV330R33" ((24 45 51 1/2 3) (24 64 62 1 2) (24 69 65 1/2 1) (24 72 67 1 0)) (60 60) (3 5)))
((1 (-15 0 9 16)) ("bachChoraleBWV330R33" ((32 45 51 1/2 3) (32 60 60 1 2) (32 69 65 1 1) (32 76 69 1 0)) (60 60) (3 5)))
((1 (-5 -1 7 14)) ("bachChoraleBWV330R33" ((40 55 57 1/2 3) (40 59 59 1/2 2) (40 67 64 1/2 1) (40 74 68 1 0)) (60 60) (3 5)))
((3 (-3 4 9 12)) ("bachChoraleBWV331R287" ((10 57 58 1 3) (10 64 62 1 2) (10 69 65 1 1) (10 72 67 1 0)) (60 60) (3 5)))
((1 (-15 0 4 9)) ("bachChoraleBWV331R287" ((20 45 51 1 3) (20 60 60 1 2) (20 64 62 1 1) (20 69 65 1 0)) (60 60) (3 5)))
((3 (-3 4 9 12)) ("bachChoraleBWV331R287" ((30 57 58 1 3) (30 64 62 1 2) (30 69 65 1 1) (30 72 67 1 0)) (60 60) (3 5)))
((1 (-3 0 9 16)) ("bachChoraleBWV331R287" ((40 57 58 1 3) (40 60 60 1 2) (40 69 65 1 1) (40 76 69 1 0)) (60 60) (3 5)))
((3 (-5 -1 7 14)) ("bachChoraleBWV331R287" ((50 55 57 1/2 3) (50 59 59 1 2) (50 67 64 1 1) (50 74 68 1 0)) (60 60) (3 5)))
((4 (2 5 14 21)) ("bachChoraleBWV332R136" ((7 57 58 1/2 3) (7 60 60 1 2) (7 69 65 1 1) (7 76 69 1 0)) (55 57) (1 0)))
((4 (-5 7 11 14)) ("bachChoraleBWV332R136" ((15 50 54 1 3) (15 62 61 1 2) (15 66 63 1 1) (15 69 65 1 0)) (55 57) (1 0)))
((4 (0 7 16)) ("bachChoraleBWV332R136" ((23 55 57 1/2 3) (23 55 57 1 2) (23 62 61 1 1) (23 71 66 1 0)) (55 57) (1 0)))
((4 (-17 -5 7 11 14)) ("bachChoraleBWV347R2" ((7 40 48 1 -1/2) (7 52 55 1 3) (7 64 62 1 2) (7 68 64 1 1) (7 71 66 1 0)) (57 58) (3 0)))
((4 (-12 0 4 7 12)) ("bachChoraleBWV347R2" ((15 45 51 1 -1/2) (15 57 58 1/2 3) (15 61 60 1 2) (15 64 62 1 1) (15 69 65 1 0)) (57 58) (3 0)))
((4 (-17 -5 7 11 14)) ("bachChoraleBWV347R2" ((23 40 48 1 -1/2) (23 52 55 1 3) (23 64 62 1 2) (23 68 64 1 1) (23 71 66 1 0)) (57 58) (3 0)))
((4 (-20 -8 -1 16 19)) ("bachChoraleBWV347R2" ((31 37 46 1 -1/2) (31 49 53 1 3) (31 56 57 1 2) (31 73 67 1/2 1) (31 76 69 1 0)) (57 58) (3 0)))
((4 (-11 -8 7 13 16)) ("bachChoraleBWV347R2" ((39 46 51 1 -1/2) (39 49 53 1 3) (39 64 62 1 2) (39 70 65 1 1) (39 73 67 1 0)) (57 58) (3 0)))
((4 (-20 -8 -1 7)) ("bachChoraleBWV347R2" ((47 37 46 1 -1/2) (47 49 53 1 3) (47 56 57 1 2) (47 64 62 1/2 1) (47 64 62 1 0)) (57 58) (3 0)))
((4 (-10 9 14 17)) ("bachChoraleBWV347R2" ((55 47 52 1 -1/2) (55 47 52 1 3) (55 66 63 1 2) (55 71 66 1 1) (55 74 68 1 0)) (57 58) (3 0)))
((1 (-12 7 12 16)) ("bachChoraleBWV350R360" ((8 46 52 1 3) (8 65 63 1 2) (8 70 66 1 1) (8 74 68 1 0)) (58 59) (-2 0)))
((1 (0 7 12 16)) ("bachChoraleBWV350R360" ((16 58 59 1 3) (16 65 63 1 2) (16 70 66 1 1) (16 74 68 1 0)) (58 59) (-2 0)))
((1 (-12 7 12 16)) ("bachChoraleBWV350R360" ((24 46 52 1 3) (24 65 63 1 2) (24 70 66 1 1) (24 74 68 1 0)) (58 59) (-2 0)))
((1 (-5 7 11 14)) ("bachChoraleBWV350R360" ((32 53 56 1 3) (32 65 63 1 2) (32 69 65 1 1) (32 72 67 1 0)) (58 59) (-2 0)))
((1 (2 9 17)) ("bachChoraleBWV350R360" ((40 60 60 1 2) (40 60 60 1 3) (40 67 64 1 1) (40 75 69 1 0)) (58 59) (-2 0)))
((1 (-3 0 9 16)) ("bachChoraleBWV350R360" ((48 55 57 1 3) (48 58 59 1 2) (48 67 64 1 1) (48 74 68 1 0)) (58 59) (-2 0)))
((1 (0 7 16)) ("bachChoraleBWV350R360" ((56 58 59 1 2) (56 58 59 1 3) (56 65 63 1 1) (56 74 68 1 0)) (58 59) (-2 0)))
((3 (-3 4 9 12)) ("bachChoraleBWV353R269" ((10 55 57 1/2 3) (10 62 61 1 2) (10 67 64 1 1) (10 70 66 1 0)) (58 59) (1 5)))
((1 (-3 0 9 16)) ("bachChoraleBWV353R269" ((20 55 57 1/2 3) (20 58 59 1/2 2) (20 67 64 1/2 1) (20 74 68 1 0)) (58 59) (1 5)))
((3 (-3 4 9 12)) ("bachChoraleBWV353R269" ((30 55 57 1/2 3) (30 62 61 1 2) (30 67 64 1 1) (30 70 66 1 0)) (58 59) (1 5)))
((1 (-8 4 8 11)) ("bachChoraleBWV353R269" ((40 50 54 1 3) (40 62 61 1 2) (40 66 63 1 1) (40 69 65 1 0)) (58 59) (1 5)))
((3 (-8 4 7 12)) ("bachChoraleBWV353R269" ((50 50 54 1 3) (50 62 61 1 2) (50 65 63 1 1) (50 70 66 1 0)) (58 59) (1 5)))
((1 (-5 2 7 11)) ("bachChoraleBWV353R269" ((60 53 56 1 3) (60 60 60 1 2) (60 65 63 1 1) (60 69 65 1 0)) (58 59) (1 5)))
((1 (0 4 9)) ("bachChoraleBWV353R269" ((68 58 59 1/2 3) (68 62 61 1 2) (68 67 64 1 0) (68 67 64 1 1)) (58 59) (1 5)))
((1 (-3 4 9 12)) ("bachChoraleBWV363R30" ((12 52 55 1/2 3) (12 59 59 1 2) (12 64 62 1 1) (12 67 64 1 0)) (55 57) (4 5)))
((1 (-3 4 9 12)) ("bachChoraleBWV363R30" ((24 52 55 1 3) (24 59 59 1/2 2) (24 64 62 1 1) (24 67 64 1 0)) (55 57) (4 5)))
((3 NIL) ("bachChoraleBWV363R30" NIL (55 57) (4 5)))
((3 NIL) ("bachChoraleBWV364R174" NIL (58 59) (1 5)))
((3 NIL) ("bachChoraleBWV364R174" NIL (58 59) (1 5)))
((3 NIL) ("bachChoraleBWV364R174" NIL (58 59) (1 5)))
((4 (-8 -1 4 7)) ("bachChoraleBWV364R174" ((35 50 54 1/2 3) (35 57 58 1 2) (35 62 61 1 1) (35 65 63 1 0)) (58 59) (1 5)))
((4 (-17 -1 7 14)) ("bachChoraleBWV367R140" ((7 43 50 1 0) (7 59 59 1 1) (7 67 64 1 2) (7 74 68 1 3)) (60 60) (0 0)))
((4 (-5 -1 2 7)) ("bachChoraleBWV367R140" ((15 55 57 1/2 0) (15 59 59 1 1) (15 62 61 1 2) (15 67 64 1 3)) (60 60) (0 0)))
((3 NIL) ("bachChoraleBWV367R140" NIL (60 60) (0 0)))
((4 (-17 2 7 11)) ("bachChoraleBWV367R140" ((31 43 50 1 0) (31 62 61 1 1) (31 67 64 1 2) (31 71 66 1 3)) (60 60) (0 0)))
((4 (-5 -1 2 7)) ("bachChoraleBWV367R140" ((39 55 57 1/2 0) (39 59 59 1 2) (39 62 61 1 1) (39 67 64 1 3)) (60 60) (0 0)))
((3 (-15 0 4 9)) ("bachChoraleBWV372R218" ((10 43 50 1/2 3) (10 58 59 1 2) (10 62 61 1 1) (10 67 64 1 0)) (58 59) (1 5)))
((1 (-3 4 9 12)) ("bachChoraleBWV372R218" ((20 55 57 1 3) (20 62 61 1 2) (20 67 64 1 1) (20 70 66 1 0)) (58 59) (1 5)))
((1 (-8 -5 -1 7)) ("bachChoraleBWV372R218" ((28 50 54 1/2 3) (28 53 56 1 2) (28 57 58 1/2 1) (28 65 63 1 0)) (58 59) (1 5)))
((1 (-3 4 9 12)) ("bachChoraleBWV372R218" ((36 55 57 1 3) (36 62 61 1 2) (36 67 64 1 1) (36 70 66 1 0)) (58 59) (1 5)))
((3 (-12 4 7 12)) ("bachChoraleBWV372R218" ((46 46 52 3/2 3) (46 62 61 1 2) (46 65 63 1 1) (46 70 66 1 0)) (58 59) (1 5)))
((1 (-15 -3 4 12)) ("bachChoraleBWV372R218" ((56 43 50 1 3) (56 55 57 1 2) (56 62 61 1 1) (56 70 66 1 0)) (58 59) (1 5)))
((1 (-11 -3 4 7)) ("bachChoraleBWV372R218" ((64 47 52 1 3) (64 55 57 1 2) (64 62 61 1 1) (64 65 63 1 0)) (58 59) (1 5)))
((1 (-15 4 9 12)) ("bachChoraleBWV373R131" ((8 40 48 1/2 3) (8 59 59 1 2) (8 64 62 1 1) (8 67 64 1 0)) (55 57) (1 0)))
((1 (-12 0 7 16)) ("bachChoraleBWV373R131" ((20 43 50 1 3) (20 55 57 1/2 2) (20 62 61 1 1) (20 71 66 1 0)) (55 57) (1 0)))
((1 (-15 4 9 12)) ("bachChoraleBWV373R131" ((28 40 48 1/2 3) (28 59 59 1 2) (28 64 62 1 1) (28 67 64 1 0)) (55 57) (1 0)))
((1 (-12 0 4 7)) ("bachChoraleBWV373R131" ((40 43 50 1/2 3) (40 55 57 1 2) (40 59 59 1 1) (40 62 61 1 0)) (55 57) (1 0)))
((1 (-8 0 7 12)) ("bachChoraleBWV373R131" ((48 47 52 1/2 3) (48 55 57 3/2 2) (48 62 61 1/2 1) (48 67 64 1 0)) (55 57) (1 0)))
((1 (-12 7 12 16)) ("bachChoraleBWV379R151" ((8 43 50 1/2 3) (8 62 61 1 2) (8 67 64 1 1) (8 71 66 1 0)) (55 57) (1 0)))
((1 (0 7 12 16)) ("bachChoraleBWV379R151" ((20 55 57 1/2 3) (20 62 61 1 2) (20 67 64 1 1) (20 71 66 1 0)) (55 57) (1 0)))
((1 (-12 7 12 16)) ("bachChoraleBWV379R151" ((28 43 50 1/2 3) (28 62 61 1 2) (28 67 64 1 1) (28 71 66 1 0)) (55 57) (1 0)))
((1 (-12 7 12 16)) ("bachChoraleBWV379R151" ((40 43 50 1/2 3) (40 62 61 1 2) (40 67 64 1 1) (40 71 66 1 0)) (55 57) (1 0)))
((1 (-7 9 12 21)) ("bachChoraleBWV379R151" ((48 48 53 1/2 3) (48 64 62 1/2 1) (48 67 64 1/2 2) (48 76 69 1 0)) (55 57) (1 0)))
((1 (-24 -8 0 7)) ("bachChoraleBWV381R346" ((8 43 50 1 3) (8 59 59 1/2 2) (8 67 64 1/2 1) (8 74 68 1 0)) (67 64) (4 5)))
((1 (-7 -3 0)) ("bachChoraleBWV381R346" ((16 60 60 1/2 3) (16 60 60 1 2) (16 64 62 1 1) (16 67 64 3/2 0)) (67 64) (4 5)))
((1 (-15 -3 0 4)) ("bachChoraleBWV381R346" ((24 52 55 1/2 3) (24 64 62 1 2) (24 67 64 1 1) (24 71 66 3/2 0)) (67 64) (4 5)))
((1 (-12 -5 0 4)) ("bachChoraleBWV381R346" ((32 55 57 1/2 3) (32 62 61 1 2) (32 67 64 1/2 1) (32 71 66 1 0)) (67 64) (4 5)))
((3 (-12 -5 0 4)) ("bachChoraleBWV381R346" ((38 55 57 1 3) (38 62 61 1 2) (38 67 64 1 1) (38 71 66 1 0)) (67 64) (4 5)))
((3 (-12 -5 0 4)) ("bachChoraleBWV381R346" ((46 55 57 1/2 3) (46 62 61 1 2) (46 67 64 1 1) (46 71 66 3/2 0)) (67 64) (4 5)))
((3 NIL) ("bachChoraleBWV386R32" NIL (57 58) (3 0)))
((4 (-12 4 12 19)) ("bachChoraleBWV386R32" ((15 45 51 1 3) (15 61 60 1 2) (15 69 65 1 1) (15 76 69 1 0)) (57 58) (3 0)))
((3 NIL) ("bachChoraleBWV386R32" NIL (57 58) (3 0)))
((4 (-5 2 11 14)) ("bachChoraleBWV386R32" ((31 52 55 1 3) (31 59 59 1/2 2) (31 68 64 1/2 1) (31 71 66 1 0)) (57 58) (3 0)))
((3 NIL) ("bachChoraleBWV386R32" NIL (57 58) (3 0)))
((3 NIL) ("bachChoraleBWV386R32" NIL (57 58) (3 0)))
((3 NIL) ("bachChoraleBWV386R32" NIL (57 58) (3 0)))
((1 (-10 0 2 5)) ("bachChoraleBWV407R202" ((6 62 61 5/2 2) (8 52 55 1 3) (8 64 62 3/2 1) (8 67 64 1 0)) (62 61) (2 0)))
((1 (-12 -8 0 7)) ("bachChoraleBWV407R202" ((16 50 54 1 3) (16 54 56 1 2) (16 62 61 1 1) (16 69 65 1 0)) (62 61) (2 0)))
((1 (-10 2 5 9)) ("bachChoraleBWV407R202" ((24 52 55 1/2 3) (24 64 62 1 2) (24 67 64 1 1) (24 71 66 1 0)) (62 61) (2 0)))
((1 (-12 0 4 7)) ("bachChoraleBWV407R202" ((32 50 54 1/2 3) (32 62 61 1 2) (32 66 63 1 1) (32 69 65 1 0)) (62 61) (2 0)))
((4 (-12 0 4 7)) ("bachChoraleBWV407R202" ((39 50 54 1 3) (39 62 61 1/2 2) (39 66 63 1 1) (39 69 65 1 0)) (62 61) (2 0)))
((1 (-13 -10 2 7)) ("bachChoraleBWV407R202" ((48 49 53 1/2 3) (48 52 55 1/2 2) (48 64 62 1/2 1) (48 69 65 1 0)) (62 61) (2 0)))
((1 (-22 -3 2 5)) ("bachChoraleBWV407R202" ((56 40 48 1/2 3) (56 59 59 1 2) (56 64 62 3/2 1) (56 67 64 1 0)) (62 61) (2 0)))
((1 (-12 -5 4 7)) ("bachChoraleBWV407R202" ((64 50 54 2 3) (64 57 58 1 2) (64 66 63 2 1) (64 69 65 2 0)) (62 61) (2 0)))
((1 (-15 -8 9 12)) ("bachChoraleBWV407R202" ((80 47 52 3 3) (80 54 56 1 2) (80 71 66 3 1) (80 74 68 3 0)) (62 61) (2 0)))
((2 (-17 0 2 7)) ("bachChoraleBWV407R202" ((96 45 51 4 3) (96 64 62 4 1) (96 69 65 4 0) (97 62 61 1 2)) (62 61) (2 0)))
