((3 (-8 -1 8 16)) ("bachChoraleBWV4p8R184" ((6 45 51 1 3) (6 52 55 1 2) (6 61 60 1 1) (6 69 65 1 0)) (53 56) (2 5)))
((3 (-15 0 4 9)) ("bachChoraleBWV4p8R184" ((14 38 47 1 3) (14 53 56 1 2) (14 57 58 1 1) (14 62 61 1 0)) (53 56) (2 5)))
((3 (-8 -1 8 16)) ("bachChoraleBWV4p8R184" ((22 45 51 1 3) (22 52 55 1 2) (22 61 60 1 1) (22 69 65 1 0)) (53 56) (2 5)))
((3 (-15 0 4 9)) ("bachChoraleBWV4p8R184" ((30 38 47 2 3) (30 53 56 2 2) (30 57 58 2 1) (30 62 61 2 0)) (53 56) (2 5)))
((3 (0 7 16)) ("bachChoraleBWV4p8R184" ((38 53 56 1 2) (38 53 56 1 3) (38 60 60 1 1) (38 69 65 1 0)) (53 56) (2 5)))
((3 (-8 -1 7 16)) ("bachChoraleBWV4p8R184" ((46 45 51 1 3) (46 52 55 1 2) (46 60 60 1 1) (46 69 65 1 0)) (53 56) (2 5)))
((3 (-7 0 9)) ("bachChoraleBWV4p8R184" ((54 46 52 2 3) (54 53 56 2 2) (54 62 61 2 0) (54 62 61 2 1)) (53 56) (2 5)))
((1 (-12 4 7 12)) ("bachChoraleBWV10p7R358" ((16 46 52 4 3) (16 62 61 4 2) (16 65 63 4 1) (16 70 66 4 0)) (58 59) (1 5)))
((1 (-15 0 4 9)) ("bachChoraleBWV10p7R358" ((32 43 50 4 3) (32 58 59 4 2) (32 62 61 4 1) (32 67 64 4 0)) (58 59) (1 5)))
((1 (-12 4 7 12)) ("bachChoraleBWV10p7R358" ((52 46 52 4 3) (52 62 61 4 2) (52 65 63 4 1) (52 70 66 4 0)) (58 59) (1 5)))
((4 (-15 -3 4 12)) ("bachChoraleBWV26p6R48" ((3 45 51 1 3) (3 57 58 1 2) (3 64 62 1 1) (3 72 67 1 0)) (60 60) (3 5)))
((4 (-12 0 7 16)) ("bachChoraleBWV26p6R48" ((7 48 53 1 3) (7 60 60 1 2) (7 67 64 1 1) (7 76 69 1 0)) (60 60) (3 5)))
((3 (-15 1 4 9)) ("bachChoraleBWV26p6R48" ((14 45 51 2 3) (14 61 60 2 2) (14 64 62 2 1) (14 69 65 2 0)) (60 60) (3 5)))
((4 (-10 -3 6 14)) ("bachChoraleBWV26p6R48" ((23 50 54 1 3) (23 57 58 1 2) (23 66 63 1 1) (23 74 68 1 0)) (60 60) (3 5)))
((4 (-12 -5 4 12)) ("bachChoraleBWV26p6R48" ((31 48 53 1 3) (31 55 57 1 2) (31 64 62 1 1) (31 72 67 1 0)) (60 60) (3 5)))
((1 (-17 -1 2 7)) ("bachChoraleBWV30p6R76" ((8 38 47 2 3) (8 54 56 2 2) (8 57 58 2 1) (8 62 61 2 0)) (55 57) (1 0)))
((1 (-12 4 7 12)) ("bachChoraleBWV30p6R76" ((16 43 50 4 3) (16 59 59 4 2) (16 62 61 4 1) (16 67 64 4 0)) (55 57) (1 0)))
((1 (-17 -1 2 7)) ("bachChoraleBWV30p6R76" ((28 38 47 2 3) (28 54 56 2 2) (28 57 58 2 1) (28 62 61 2 0)) (55 57) (1 0)))
((1 (-12 4 7 12)) ("bachChoraleBWV30p6R76" ((36 43 50 4 3) (36 59 59 4 2) (36 62 61 4 1) (36 67 64 4 0)) (55 57) (1 0)))
((3 (-3 1 9 16)) ("bachChoraleBWV30p6R76" ((46 52 55 2 3) (46 56 57 2 2) (46 64 62 2 1) (46 71 66 2 0)) (55 57) (1 0)))
((3 (-5 7 11 14)) ("bachChoraleBWV30p6R76" ((54 50 54 2 3) (54 62 61 2 2) (54 66 63 2 1) (54 69 65 2 0)) (55 57) (1 0)))
((1 (-15 4 9 12)) ("bachChoraleBWV30p6R76" ((64 40 48 2 3) (64 59 59 2 2) (64 64 62 2 1) (64 67 64 2 0)) (55 57) (1 0)))
((3 (-15 -8 0 9)) ("bachChoraleBWV36<2>p8R28" ((6 47 52 2 3) (6 54 56 2 2) (6 62 61 2 1) (6 71 66 2 0)) (62 61) (5 5)))
((3 (-7 -3 5 12)) ("bachChoraleBWV36<2>p8R28" ((14 55 57 2 3) (14 59 59 2 2) (14 67 64 2 1) (14 74 68 2 0)) (62 61) (5 5)))
((3 (-15 0 4 9)) ("bachChoraleBWV36<2>p8R28" ((22 47 52 2 3) (22 62 61 2 2) (22 66 63 2 1) (22 71 66 2 0)) (62 61) (5 5)))
((4 (-17 -5 -1 2 7)) ("bachChoraleBWV39R67" ((7 38 47 1 4) (7 50 54 1 3) (7 54 56 1 2) (7 57 58 1 1) (7 62 61 1 0)) (55 57) (1 0)))
((3 (-12 -5 4 12)) ("bachChoraleBWV39R67" ((14 43 50 2 3) (14 43 50 2 4) (14 50 54 2 2) (14 59 59 2 1) (14 67 64 2 0)) (55 57) (1 0)))
((4 (-17 -5 -1 2 7)) ("bachChoraleBWV39R67" ((23 38 47 1 4) (23 50 54 1 3) (23 54 56 1 2) (23 57 58 1 1) (23 62 61 1 0)) (55 57) (1 0)))
((3 (-12 -5 4 12)) ("bachChoraleBWV39R67" ((30 43 50 2 3) (30 43 50 2 4) (30 50 54 2 2) (30 59 59 2 1) (30 67 64 2 0)) (55 57) (1 0)))
((3 (-8 -1 8 16)) ("bachChoraleBWV39R67" ((38 47 52 2 3) (38 47 52 2 4) (38 54 56 2 2) (38 63 61 2 1) (38 71 66 2 0)) (55 57) (1 0)))
((3 (-17 -5 7 11 14)) ("bachChoraleBWV39R67" ((46 38 47 2 4) (46 50 54 2 3) (46 62 61 2 2) (46 66 63 2 1) (46 69 65 2 0)) (55 57) (1 0)))
((1 (-15 -3 9 12)) ("bachChoraleBWV39R67" ((56 40 48 2 3) (56 40 48 2 4) (56 52 55 2 2) (56 64 62 2 1) (56 67 64 2 0)) (55 57) (1 0)))
((4 (-5 7 11 14)) ("bachChoraleBWV55p5R95" ((7 53 56 1 3) (7 65 63 1 2) (7 69 65 1 1) (7 72 67 1 0)) (58 59) (-2 0)))
((3 (-12 4 7 12)) ("bachChoraleBWV55p5R95" ((14 46 52 2 3) (14 62 61 2 2) (14 65 63 2 1) (14 70 66 2 0)) (58 59) (-2 0)))
((4 (-5 7 11 14)) ("bachChoraleBWV55p5R95" ((23 53 56 1 3) (23 65 63 1 2) (23 69 65 1 1) (23 72 67 1 0)) (58 59) (-2 0)))
((3 (-12 4 7 12)) ("bachChoraleBWV55p5R95" ((30 46 52 2 3) (30 62 61 2 2) (30 65 63 2 1) (30 70 66 2 0)) (58 59) (-2 0)))
((3 (-10 -3 5 14)) ("bachChoraleBWV55p5R95" ((38 48 53 2 3) (38 55 57 2 2) (38 63 62 2 1) (38 72 67 2 0)) (58 59) (-2 0)))
((3 (-7 0 9 17)) ("bachChoraleBWV55p5R95" ((46 51 55 2 3) (46 58 59 2 2) (46 67 64 2 1) (46 75 69 2 0)) (58 59) (-2 0)))
((4 (-5 7 11 14)) ("bachChoraleBWV55p5R95" ((55 53 56 1 3) (55 65 63 1 2) (55 69 65 1 1) (55 72 67 1 0)) (58 59) (-2 0)))
((3 (-12 7 12 16)) ("bachChoraleBWV115p6R38" ((6 39 48 2 3) (6 58 59 2 2) (6 63 62 2 1) (6 67 64 2 0)) (51 55) (-3 0)))
((3 (-12 4 7 12)) ("bachChoraleBWV115p6R38" ((14 39 48 2 3) (14 55 57 2 2) (14 58 59 2 1) (14 63 62 2 0)) (51 55) (-3 0)))
((3 (-12 7 12 16)) ("bachChoraleBWV115p6R38" ((22 39 48 2 3) (22 58 59 2 2) (22 63 62 2 1) (22 67 64 2 0)) (51 55) (-3 0)))
((3 (-12 4 7 12)) ("bachChoraleBWV115p6R38" ((30 39 48 2 3) (30 55 57 2 2) (30 58 59 2 1) (30 63 62 2 0)) (51 55) (-3 0)))
((3 (0 7 12 16)) ("bachChoraleBWV115p6R38" ((34 51 55 2 3) (34 58 59 2 2) (34 63 62 2 1) (34 67 64 2 0)) (51 55) (-3 0)))
((3 (2 9 18)) ("bachChoraleBWV115p6R38" ((38 53 56 2 2) (38 53 56 2 3) (38 60 60 2 1) (38 69 65 2 0)) (51 55) (-3 0)))
((3 (-5 2 11 19)) ("bachChoraleBWV115p6R38" ((46 46 52 2 3) (46 53 56 2 2) (46 62 61 2 1) (46 70 66 2 0)) (51 55) (-3 0)))
((1 (-12 -5 0 4)) ("bachChoraleBWV133p6R60" ((4 50 54 2 3) (4 57 58 2 2) (4 62 61 2 1) (4 66 63 2 0)) (62 61) (2 0)))
((3 (-15 -3 0 9)) ("bachChoraleBWV133p6R60" ((14 47 52 1 3) (14 59 59 1 2) (14 62 61 1 1) (14 71 66 1 0)) (62 61) (2 0)))
((1 (-12 -5 0 4)) ("bachChoraleBWV133p6R60" ((20 50 54 2 3) (20 57 58 2 2) (20 62 61 2 1) (20 66 63 2 0)) (62 61) (2 0)))
((3 (-15 -3 0 9)) ("bachChoraleBWV133p6R60" ((30 47 52 1 3) (30 59 59 1 2) (30 62 61 1 1) (30 71 66 1 0)) (62 61) (2 0)))
((1 (-17 -1 2 7)) ("bachChoraleBWV133p6R60" ((36 45 51 3 3) (36 61 60 3 2) (36 64 62 3 1) (36 69 65 3 0)) (62 61) (2 0)))
((1 (-5 2 11)) ("bachChoraleBWV133p6R60" ((44 57 58 3 2) (44 57 58 3 3) (44 64 62 3 1) (44 73 67 3 0)) (62 61) (2 0)))
((1 (-15 -3 0 4)) ("bachChoraleBWV133p6R60" ((52 47 52 2 3) (52 59 59 2 2) (52 62 61 2 1) (52 66 63 2 0)) (62 61) (2 0)))
((1 (-17 -1 2 7)) ("bachChoraleBWV140p7R179" ((8 46 52 2 3) (8 62 61 2 2) (8 65 63 2 1) (8 70 66 2 0)) (63 62) (-3 0)))
((1 (-17 -1 2 7)) ("bachChoraleBWV140p7R179" ((20 46 52 2 3) (20 62 61 2 2) (20 65 63 2 1) (20 70 66 2 0)) (63 62) (-3 0)))
((3 (-12 -8 -5 0)) ("bachChoraleBWV140p7R179" ((30 51 55 2 3) (30 55 57 2 2) (30 58 59 2 1) (30 63 62 2 0)) (63 62) (-3 0)))
((1 (-17 -1 2 7)) ("bachChoraleBWV140p7R179" ((40 46 52 2 3) (40 62 61 2 2) (40 65 63 2 1) (40 70 66 2 0)) (63 62) (-3 0)))
((1 (-17 -1 2 7)) ("bachChoraleBWV140p7R179" ((52 46 52 2 3) (52 62 61 2 2) (52 65 63 2 1) (52 70 66 2 0)) (63 62) (-3 0)))
((3 (-12 -8 -5 0)) ("bachChoraleBWV140p7R179" ((62 51 55 1 3) (62 55 57 1 2) (62 58 59 1 1) (62 63 62 1 0)) (63 62) (-3 0)))
((1 (-15 -8 -3 0)) ("bachChoraleBWV140p7R179" ((68 48 53 2 3) (68 55 57 2 2) (68 60 60 2 1) (68 63 62 2 0)) (63 62) (-3 0)))
((1 (-12 -8 -5 0)) ("bachChoraleBWV140p7R179" ((76 51 55 2 3) (76 55 57 2 2) (76 58 59 2 1) (76 63 62 2 0)) (63 62) (-3 0)))
((3 (-12 -5 0 4)) ("bachChoraleBWV140p7R179" ((82 51 55 1 3) (82 58 59 1 2) (82 63 62 1 1) (82 67 64 1 0)) (63 62) (-3 0)))
((3 (-3 4 12)) ("bachChoraleBWV140p7R179" ((86 60 60 1 2) (86 60 60 1 3) (86 67 64 1 1) (86 75 69 1 0)) (63 62) (-3 0)))
((3 (-15 0 4 12)) ("bachChoraleBWV140p7R179" ((90 48 53 1 3) (90 63 62 1 2) (90 67 64 1 1) (90 75 69 1 0)) (63 62) (-3 0)))
((3 (-12 0 7 12 16)) ("bachChoraleBWV151p5R54" ((6 43 50 1 4) (6 55 57 1 3) (6 62 61 1 2) (6 67 64 1 1) (6 71 66 1 0)) (55 57) (1 0)))
((1 (-17 -5 2 11 19)) ("bachChoraleBWV151p5R54" ((12 38 47 2 4) (12 50 54 2 3) (12 57 58 2 2) (12 66 63 2 1) (12 74 68 2 0)) (55 57) (1 0)))
((3 (-17 -5 2 11 14)) ("bachChoraleBWV151p5R54" ((22 38 47 1 4) (22 50 54 1 3) (22 57 58 1 2) (22 66 63 1 1) (22 69 65 1 0)) (55 57) (1 0)))
((3 (-8 4 7 11 19)) ("bachChoraleBWV151p5R54" ((30 47 52 1 4) (30 59 59 1 3) (30 62 61 1 2) (30 66 63 1 1) (30 74 68 1 0)) (55 57) (1 0)))
((3 (-12 -5 4 12)) ("bachChoraleBWV154p8R152" ((6 50 54 2 3) (6 57 58 2 2) (6 66 63 2 1) (6 74 68 2 0)) (62 61) (2 0)))
((1 (-17 -1 2 7)) ("bachChoraleBWV154p8R152" ((16 45 51 2 3) (16 61 60 2 2) (16 64 62 2 1) (16 69 65 2 0)) (62 61) (2 0)))
((1 (-12 -5 0 4)) ("bachChoraleBWV154p8R152" ((24 50 54 2 3) (24 57 58 2 2) (24 62 61 2 1) (24 66 63 2 0)) (62 61) (2 0)))
((3 (-12 -8 -5 0)) ("bachChoraleBWV154p8R152" ((34 50 54 2 3) (34 54 56 2 2) (34 57 58 2 1) (34 62 61 2 0)) (62 61) (2 0)))
((3 (-17 -1 2 7)) ("bachChoraleBWV154p8R152" ((42 45 51 2 3) (42 61 60 2 2) (42 64 62 2 1) (42 69 65 2 0)) (62 61) (2 0)))
((3 (-8 -2 0 7)) ("bachChoraleBWV159p5R61" ((6 55 57 2 3) (6 61 61 2 2) (6 63 62 2 1) (6 70 66 2 0)) (63 62) (-3 0)))
((3 (-12 -8 -5 0)) ("bachChoraleBWV159p5R61" ((14 51 55 2 3) (14 55 57 2 2) (14 58 59 2 1) (14 63 62 2 0)) (63 62) (-3 0)))
((3 (-8 -4 -1)) ("bachChoraleBWV159p5R61" ((22 55 57 2 2) (22 55 57 2 3) (22 59 59 2 1) (22 62 61 2 0)) (63 62) (-3 0)))
((3 (-12 -5 0 4)) ("bachChoraleBWV159p5R61" ((30 51 55 2 3) (30 58 59 2 2) (30 63 62 2 1) (30 67 64 2 0)) (63 62) (-3 0)))
((3 (-15 -8 1 4)) ("bachChoraleBWV159p5R61" ((38 48 53 2 3) (38 55 57 2 2) (38 64 62 2 1) (38 67 64 2 0)) (63 62) (-3 0)))
((3 (-17 -1 2 7)) ("bachChoraleBWV159p5R61" ((46 46 52 2 3) (46 62 61 2 2) (46 65 63 2 1) (46 70 66 2 0)) (63 62) (-3 0)))
((3 (-5 -1 2)) ("bachChoraleBWV159p5R61" ((54 58 59 2 2) (54 58 59 2 3) (54 62 61 2 1) (54 65 63 2 0)) (63 62) (-3 0)))
((1 (-24 -12 0 4)) ("bachChoraleBWV180p7R22" ((8 39 48 2 3) (8 51 55 2 2) (8 63 62 2 1) (8 67 64 2 0)) (63 62) (-3 0)))
((3 (-24 -8 -5 0)) ("bachChoraleBWV180p7R22" ((18 39 48 2 3) (18 55 57 2 2) (18 58 59 2 1) (18 63 62 2 0)) (63 62) (-3 0)))
((1 (-24 -12 0 4)) ("bachChoraleBWV180p7R22" ((28 39 48 2 3) (28 51 55 2 2) (28 63 62 2 1) (28 67 64 2 0)) (63 62) (-3 0)))
((3 (-24 -8 -5 0)) ("bachChoraleBWV180p7R22" ((38 39 48 2 3) (38 55 57 2 2) (38 58 59 2 1) (38 63 62 2 0)) (63 62) (-3 0)))
((1 (-17 -5 -1 7)) ("bachChoraleBWV180p7R22" ((48 46 52 2 3) (48 58 59 2 2) (48 62 61 2 1) (48 70 66 2 0)) (63 62) (-3 0)))
((3 (-17 -5 -1 7)) ("bachChoraleBWV180p7R22" ((58 46 52 2 3) (58 58 59 2 2) (58 62 61 2 1) (58 70 66 2 0)) (63 62) (-3 0)))
((4 (-17 -5 -1 2)) ("bachChoraleBWV180p7R22" ((67 46 52 1 3) (67 58 59 1 2) (67 62 61 1 1) (67 65 63 1 0)) (63 62) (-3 0)))
((1 (-17 -5 7 11 14)) ("bachChoraleBWV226R69" ((4 38 47 2 4) (4 50 54 2 3) (4 62 61 2 2) (4 66 63 2 1) (4 69 65 2 0)) (55 57) (1 0)))
((1 (-17 -5 2 11 19)) ("bachChoraleBWV226R69" ((8 38 47 2 4) (8 50 54 2 3) (8 57 58 2 2) (8 66 63 2 1) (8 74 68 2 0)) (55 57) (1 0)))
((3 (-12 4 7 12)) ("bachChoraleBWV226R69" ((18 43 50 1 3) (18 43 50 1 4) (18 59 59 1 2) (18 62 61 1 1) (18 67 64 1 0)) (55 57) (1 0)))
((1 (-17 -5 -1 2 7)) ("bachChoraleBWV226R69" ((28 38 47 2 4) (28 50 54 2 3) (28 54 56 2 2) (28 57 58 2 1) (28 62 61 2 0)) (55 57) (1 0)))
((1 (-8 -1 8 16)) ("bachChoraleBWV226R69" ((40 47 52 2 3) (40 47 52 2 4) (40 54 56 2 2) (40 63 61 2 1) (40 71 66 2 0)) (55 57) (1 0)))
((3 (-17 -5 2 11 19)) ("bachChoraleBWV226R69" ((50 38 47 1 4) (50 50 54 1 3) (50 57 58 1 2) (50 66 63 1 1) (50 74 68 1 0)) (55 57) (1 0)))
((3 (-12 4 7 12)) ("bachChoraleBWV226R69" ((58 43 50 1 3) (58 43 50 1 4) (58 59 59 1 2) (58 62 61 1 1) (58 67 64 1 0)) (55 57) (1 0)))
((1 (-17 -5 -1 2 7)) ("bachChoraleBWV226R69" ((68 38 47 2 4) (68 50 54 2 3) (68 54 56 2 2) (68 57 58 2 1) (68 62 61 2 0)) (55 57) (1 0)))
((3 (-12 0 4 12)) ("bachChoraleBWV226R69" ((82 43 50 1 3) (82 43 50 1 4) (82 55 57 1 2) (82 59 59 1 1) (82 67 64 1 0)) (55 57) (1 0)))
((1 (-12 0 4 7)) ("bachChoraleBWV226R69" ((88 43 50 1 4) (88 55 57 1 2) (88 55 57 1 3) (88 59 59 1 1) (88 62 61 1 0)) (55 57) (1 0)))
((3 (-15 -12 -8 -3)) ("bachChoraleBWV227p11R263" ((6 52 55 2 3) (6 55 57 2 2) (6 59 59 2 1) (6 64 62 2 0)) (67 64) (4 5)))
((3 (-8 -1 4 8)) ("bachChoraleBWV227p11R263" ((14 59 59 2 3) (14 66 63 2 2) (14 71 66 2 1) (14 75 68 2 0)) (67 64) (4 5)))
((1 (-15 -8 0 9)) ("bachChoraleBWV227p11R263" ((20 52 55 4 3) (20 59 59 4 2) (20 67 64 4 1) (20 76 69 4 0)) (67 64) (4 5)))
((3 (-15 -12 -8 -3)) ("bachChoraleBWV227p11R263" ((30 52 55 2 3) (30 55 57 2 2) (30 59 59 2 1) (30 64 62 2 0)) (67 64) (4 5)))
((3 (-8 -1 4 8)) ("bachChoraleBWV227p11R263" ((38 59 59 2 3) (38 66 63 2 2) (38 71 66 2 1) (38 75 68 2 0)) (67 64) (4 5)))
((1 (-15 -8 0 9)) ("bachChoraleBWV227p11R263" ((44 52 55 4 3) (44 59 59 4 2) (44 67 64 4 1) (44 76 69 4 0)) (67 64) (4 5)))
((3 (-24 -8 -5 0)) ("bachChoraleBWV227p11R263" ((54 43 50 2 3) (54 59 59 2 2) (54 62 61 2 1) (54 67 64 2 0)) (67 64) (4 5)))
((1 (-20 -4 -1 4)) ("bachChoraleBWV227p11R263" ((64 47 52 2 3) (64 63 61 2 2) (64 66 63 2 1) (64 71 66 2 0)) (67 64) (4 5)))
((3 (-17 -1 2 7)) ("bachChoraleBWV240R40" ((2 43 50 1 3) (2 43 50 1 5) (2 59 59 1 2) (2 62 61 1 1) (2 67 64 1 0)) (60 60) (0 0)))
((3 (-24 -12 -5 4 12)) ("bachChoraleBWV240R40" ((6 36 46 1 5) (6 48 53 1 3) (6 55 57 1 2) (6 64 62 1 1) (6 72 67 1 0)) (60 60) (0 0)))
((3 (-17 -1 2 7)) ("bachChoraleBWV240R40" ((14 43 50 1 3) (14 43 50 1 5) (14 59 59 1 2) (14 62 61 1 1) (14 67 64 1 0)) (60 60) (0 0)))
((3 (-17 -5 -1 7 14)) ("bachChoraleBWV240R40" ((18 43 50 1 5) (18 55 57 1 3) (18 59 59 1 2) (18 67 64 1 1) (18 74 68 1 0)) (60 60) (0 0)))
((3 (-17 -5 -1 7 14)) ("bachChoraleBWV240R40" ((22 43 50 1 5) (22 55 57 1 3) (22 59 59 1 2) (22 67 64 1 1) (22 74 68 1 0)) (60 60) (0 0)))
((3 (-12 -5 0 4)) ("bachChoraleBWV244p37" ((6 53 56 1 3) (6 60 60 1 2) (6 65 63 1 1) (6 69 65 1 0)) (65 63) (-1 0)))
((3 (-17 -10 -5 -1)) ("bachChoraleBWV244p37" ((14 48 53 1 3) (14 55 57 1 2) (14 60 60 1 1) (14 64 62 1 0)) (65 63) (-1 0)))
((1 (-17 -5 -1 2)) ("bachChoraleBWV244p37" ((20 48 53 3 3) (20 60 60 3 2) (20 64 62 3 1) (20 67 64 3 0)) (65 63) (-1 0)))
((3 (-15 -3 1 4)) ("bachChoraleBWV244p37" ((30 50 54 1 3) (30 62 61 1 2) (30 66 63 1 1) (30 69 65 1 0)) (65 63) (-1 0)))
((3 (-17 -10 -5 -1)) ("bachChoraleBWV244p37" ((38 48 53 1 3) (38 55 57 1 2) (38 60 60 1 1) (38 64 62 1 0)) (65 63) (-1 0)))
((3 (-24 -12 -5 0 4)) ("bachChoraleBWV244R98" ((6 38 47 1 4) (6 50 54 1 3) (6 57 58 1 2) (6 62 61 1 1) (6 66 63 1 0)) (62 61) (5 5)))
((1 (-15 -3 0 9)) ("bachChoraleBWV244R98" ((12 47 52 3 3) (12 47 52 3 4) (12 59 59 3 2) (12 62 61 3 1) (12 71 66 3 0)) (62 61) (5 5)))
((3 (-24 -12 -5 0 4)) ("bachChoraleBWV244R98" ((22 38 47 1 4) (22 50 54 1 3) (22 57 58 1 2) (22 62 61 1 1) (22 66 63 1 0)) (62 61) (5 5)))
((1 (-15 -3 0 9)) ("bachChoraleBWV244R98" ((28 47 52 3 3) (28 47 52 3 4) (28 59 59 3 2) (28 62 61 3 1) (28 71 66 3 0)) (62 61) (5 5)))
((3 (-24 -12 -5 4 12)) ("bachChoraleBWV244R98" ((38 38 47 1 4) (38 50 54 1 3) (38 57 58 1 2) (38 66 63 1 1) (38 74 68 1 0)) (62 61) (5 5)))
((1 (-15 -3 1 4)) ("bachChoraleBWV244R98" ((44 47 52 3 4) (44 59 59 3 2) (44 59 59 3 3) (44 63 61 3 1) (44 66 63 3 0)) (62 61) (5 5)))
((3 (-17 -5 2 11)) ("bachChoraleBWV244R98" ((54 45 51 1 3) (54 45 51 1 4) (54 57 58 1 2) (54 64 62 1 1) (54 73 67 1 0)) (62 61) (5 5)))
((3 (-8 4 8 11)) ("bachChoraleBWV245p3R59" ((10 50 54 1 3) (10 62 61 1 2) (10 66 63 1 1) (10 69 65 1 0)) (58 59) (1 5)))
((3 (-12 4 7 12)) ("bachChoraleBWV245p3R59" ((22 46 52 1 3) (22 62 61 1 2) (22 65 63 1 1) (22 70 66 1 0)) (58 59) (1 5)))
((3 (-12 -5 0 4)) ("bachChoraleBWV245p3R59" ((34 46 52 1 3) (34 53 56 1 2) (34 58 59 1 1) (34 62 61 1 0)) (58 59) (1 5)))
((3 (-17 -10 -1 7)) ("bachChoraleBWV245p28R106" ((6 52 55 2 3) (6 59 59 2 2) (6 68 64 2 1) (6 76 69 2 0)) (69 65) (3 0)))
((3 (-24 -8 -5 0)) ("bachChoraleBWV245p28R106" ((14 45 51 2 3) (14 61 60 2 2) (14 64 62 2 1) (14 69 65 2 0)) (69 65) (3 0)))
((3 (-20 -13 -4 -1)) ("bachChoraleBWV245p28R106" ((22 49 53 2 3) (22 56 57 2 2) (22 65 62 2 1) (22 68 64 2 0)) (69 65) (3 0)))
((3 (-12 -5 0 4)) ("bachChoraleBWV245p28R106" ((30 57 58 2 3) (30 64 62 2 2) (30 69 65 2 1) (30 73 67 2 0)) (69 65) (3 0)))
((3 (-24 -5 0 4)) ("bachChoraleBWV245p28R106" ((38 45 51 2 3) (38 64 62 2 2) (38 69 65 2 1) (38 73 67 2 0)) (69 65) (3 0)))
((3 (-17 -10 -1 7)) ("bachChoraleBWV245p28R106" ((46 52 55 2 3) (46 59 59 2 2) (46 68 64 2 1) (46 76 69 2 0)) (69 65) (3 0)))
((3 (-17 -5 -1 2)) ("bachChoraleBWV245p28R106" ((54 52 55 2 3) (54 64 62 2 2) (54 68 64 2 1) (54 71 66 2 0)) (69 65) (3 0)))
((3 (-17 -10 -1 7)) ("bachChoraleBWV248R9" ((6 50 54 1 3) (6 57 58 1 2) (6 66 63 1 1) (6 74 68 1 0)) (67 64) (1 0)))
((3 (-12 -8 -5 0)) ("bachChoraleBWV248R9" ((14 55 57 1 3) (14 59 59 1 2) (14 62 61 1 1) (14 67 64 1 0)) (67 64) (1 0)))
((3 (-17 -10 -1 7)) ("bachChoraleBWV248R9" ((22 50 54 1 3) (22 57 58 1 2) (22 66 63 1 1) (22 74 68 1 0)) (67 64) (1 0)))
((3 (-12 -8 -5 0)) ("bachChoraleBWV248R9" ((30 55 57 1 3) (30 59 59 1 2) (30 62 61 1 1) (30 67 64 1 0)) (67 64) (1 0)))
((3 (-22 -7 -3 2)) ("bachChoraleBWV248R9" ((38 45 51 1 3) (38 60 60 1 2) (38 64 62 1 1) (38 69 65 1 0)) (67 64) (1 0)))
((3 (-15 -8 0 9)) ("bachChoraleBWV248R9" ((46 52 55 1 3) (46 59 59 1 2) (46 67 64 1 1) (46 76 69 1 0)) (67 64) (1 0)))
((3 (-17 -5 -1 2)) ("bachChoraleBWV248R9" ((54 50 54 1 3) (54 62 61 1 2) (54 66 63 1 1) (54 69 65 1 0)) (67 64) (1 0)))
((3 (-12 -5 4 12)) ("bachChoraleBWV248R46" ((6 50 54 1 3) (6 57 58 1 2) (6 66 63 1 1) (6 74 68 1 0)) (62 61) (2 0)))
((3 (-12 -5 0 4)) ("bachChoraleBWV248R46" ((14 50 54 1 3) (14 57 58 1 2) (14 62 61 1 1) (14 66 63 1 0)) (62 61) (2 0)))
((3 (-17 -1 2 7)) ("bachChoraleBWV248R46" ((22 45 51 1 3) (22 61 60 1 2) (22 64 62 1 1) (22 69 65 1 0)) (62 61) (2 0)))
((4 (0 7 12 16)) ("bachChoraleBWV259R39" ((7 55 57 1 3) (7 62 61 1 2) (7 67 64 1 1) (7 71 66 1 0)) (55 57) (4 5)))
((3 (-12 4 7 12)) ("bachChoraleBWV259R39" ((14 43 50 2 3) (14 59 59 2 2) (14 62 61 2 1) (14 67 64 2 0)) (55 57) (4 5)))
((3 (-15 0 4 9)) ("bachChoraleBWV259R39" ((22 40 48 2 3) (22 55 57 2 2) (22 59 59 2 1) (22 64 62 2 0)) (55 57) (4 5)))
((4 (-8 7 11 16)) ("bachChoraleBWV259R39" ((30 47 52 2 3) (31 62 61 1 2) (31 66 63 1 1) (31 71 66 1 0)) (55 57) (4 5)))
((3 (-12 4 7 12)) ("bachChoraleBWV259R39" ((38 43 50 2 3) (38 59 59 2 2) (38 62 61 2 1) (38 67 64 2 0)) (55 57) (4 5)))
((4 (-24 -12 0 4)) ("bachChoraleBWV262R153" ((7 38 47 1 3) (7 50 54 1 2) (7 62 61 1 1) (7 66 63 1 0)) (62 61) (2 0)))
((3 (-12 -8 0)) ("bachChoraleBWV262R153" ((14 50 54 2 3) (14 54 56 2 2) (14 62 61 2 0) (14 62 61 2 1)) (62 61) (2 0)))
((4 (-24 -12 0 4)) ("bachChoraleBWV262R153" ((23 38 47 1 3) (23 50 54 1 2) (23 62 61 1 1) (23 66 63 1 0)) (62 61) (2 0)))
((3 (-12 -8 0)) ("bachChoraleBWV262R153" ((30 50 54 2 3) (30 54 56 2 2) (30 62 61 2 0) (30 62 61 2 1)) (62 61) (2 0)))
((4 (-17 -5 -1 7)) ("bachChoraleBWV262R153" ((38 45 51 2 3) (39 57 58 1 2) (39 61 60 1 1) (39 69 65 1 0)) (62 61) (2 0)))
((4 (-15 -3 0 9)) ("bachChoraleBWV262R153" ((46 47 52 2 3) (46 59 59 2 2) (47 62 61 1 1) (47 71 66 1 0)) (62 61) (2 0)))
((3 (-17 -10 -1 7)) ("bachChoraleBWV262R153" ((54 45 51 2 3) (54 52 55 2 2) (54 61 60 2 1) (54 69 65 2 0)) (62 61) (2 0)))
((3 (-3 9 12 16)) ("bachChoraleBWV268R124" ((2 52 55 1 3) (2 64 62 1 2) (2 67 64 1 1) (2 71 66 1 0)) (55 57) (4 5)))
((1 (-12 7 12 16)) ("bachChoraleBWV268R124" ((8 43 50 1 3) (8 62 61 1 2) (8 67 64 1 1) (8 71 66 1 0)) (55 57) (4 5)))
((3 (-12 4 7 12)) ("bachChoraleBWV268R124" ((18 43 50 1 3) (18 59 59 1 2) (18 62 61 1 1) (18 67 64 1 0)) (55 57) (4 5)))
((3 (-5 7 11 14)) ("bachChoraleBWV268R124" ((22 50 54 1 3) (22 62 61 1 2) (22 66 63 1 1) (22 69 65 1 0)) (55 57) (4 5)))
((3 (-8 4 8 11)) ("bachChoraleBWV268R124" ((30 47 52 1 3) (30 59 59 1 2) (30 63 61 1 1) (30 66 63 1 0)) (55 57) (4 5)))
((4 (-24 -5 4 12)) ("bachChoraleBWV293R239" ((6 36 46 2 3) (6 55 57 2 2) (6 72 67 2 0) (7 64 62 1 1)) (60 60) (0 0)))
((3 (-17 -10 -1 7)) ("bachChoraleBWV293R239" ((14 43 50 2 3) (14 50 54 2 2) (14 59 59 2 1) (14 67 64 2 0)) (60 60) (0 0)))
((3 (-12 0 4 7)) ("bachChoraleBWV293R239" ((22 48 53 2 3) (22 60 60 2 2) (22 64 62 2 1) (22 67 64 2 0)) (60 60) (0 0)))
((3 (-12 -8 -5 0)) ("bachChoraleBWV293R239" ((30 48 53 2 3) (30 52 55 2 2) (30 55 57 2 1) (30 60 60 2 0)) (60 60) (0 0)))
((3 (-17 -1 7)) ("bachChoraleBWV293R239" ((38 43 50 2 3) (38 59 59 2 2) (38 67 64 2 0) (38 67 64 2 1)) (60 60) (0 0)))
((3 (-12 -8 0 7)) ("bachChoraleBWV293R239" ((46 48 53 2 3) (46 52 55 2 2) (46 60 60 2 1) (46 67 64 2 0)) (60 60) (0 0)))
((1 (-20 -13 -4 4)) ("bachChoraleBWV301R134" ((8 45 51 2 3) (8 52 55 2 2) (8 61 60 2 1) (8 69 65 2 0)) (65 63) (2 5)))
((1 (-15 -12 -8 -3)) ("bachChoraleBWV301R134" ((16 50 54 4 3) (16 53 56 4 2) (16 57 58 4 1) (16 62 61 4 0)) (65 63) (2 5)))
((1 (-20 -13 -4 4)) ("bachChoraleBWV301R134" ((28 45 51 2 3) (28 52 55 2 2) (28 61 60 2 1) (28 69 65 2 0)) (65 63) (2 5)))
((1 (-15 -12 -8 -3)) ("bachChoraleBWV301R134" ((36 50 54 4 3) (36 53 56 4 2) (36 57 58 4 1) (36 62 61 4 0)) (65 63) (2 5)))
((1 (-24 -8 -5 0)) ("bachChoraleBWV301R134" ((48 41 49 2 3) (48 57 58 2 2) (48 60 60 2 1) (48 65 63 2 0)) (65 63) (2 5)))
((3 (-12 -8 -5 0)) ("bachChoraleBWV301R134" ((58 53 56 2 3) (58 57 58 2 2) (58 60 60 2 1) (58 65 63 2 0)) (65 63) (2 5)))
((3 (-8 -1 8)) ("bachChoraleBWV301R134" ((66 57 58 2 2) (66 57 58 2 3) (66 64 62 2 1) (66 73 67 2 0)) (65 63) (2 5)))
((1 (-24 -8 -5 0)) ("bachChoraleBWV325R235" ((4 41 49 2 3) (4 57 58 2 2) (4 60 60 2 1) (4 65 63 2 0)) (65 63) (-1 0)))
((1 (-17 -1 2 7)) ("bachChoraleBWV325R235" ((8 48 53 2 3) (8 64 62 2 2) (8 67 64 2 1) (8 72 67 2 0)) (65 63) (-1 0)))
((1 (-17 -10 -1 7)) ("bachChoraleBWV325R235" ((16 48 53 2 3) (16 55 57 2 2) (16 64 62 2 1) (16 72 67 2 0)) (65 63) (-1 0)))
((3 (-12 -8 -5 4)) ("bachChoraleBWV325R235" ((22 53 56 2 3) (22 57 58 2 2) (22 60 60 2 1) (22 69 65 2 0)) (65 63) (-1 0)))
((3 (-17 -1 2 7)) ("bachChoraleBWV325R235" ((30 48 53 2 3) (30 64 62 2 2) (30 67 64 2 1) (30 72 67 2 0)) (65 63) (-1 0)))
((1 (-24 -8 -5 0)) ("bachChoraleBWV325R235" ((40 41 49 2 3) (40 57 58 2 2) (40 60 60 2 1) (40 65 63 2 0)) (65 63) (-1 0)))
((3 (-15 -8 -3 0)) ("bachChoraleBWV325R235" ((46 50 54 1 3) (46 57 58 1 2) (46 62 61 1 1) (46 65 63 1 0)) (65 63) (-1 0)))
((3 (-8 -5 -1 7)) ("bachChoraleBWV325R235" ((50 57 58 1 3) (50 60 60 1 2) (50 64 62 1 1) (50 72 67 1 0)) (65 63) (-1 0)))
((1 (-17 -10 -1 7)) ("bachChoraleBWV325R235" ((56 48 53 2 3) (56 55 57 2 2) (56 64 62 2 1) (56 72 67 2 0)) (65 63) (-1 0)))
((4 (-15 0 4 9)) ("bachChoraleBWV330R33" ((7 45 51 1 3) (7 60 60 1 2) (7 64 62 1 1) (7 69 65 1 0)) (60 60) (3 5)))
((3 (-20 -1 8 16)) ("bachChoraleBWV330R33" ((14 40 48 2 3) (14 59 59 2 2) (14 68 64 2 1) (14 76 69 2 0)) (60 60) (3 5)))
((4 (-15 0 4 9)) ("bachChoraleBWV330R33" ((23 45 51 1 3) (23 60 60 1 2) (23 64 62 1 1) (23 69 65 1 0)) (60 60) (3 5)))
((3 (-20 -1 8 16)) ("bachChoraleBWV330R33" ((30 40 48 2 3) (30 59 59 2 2) (30 68 64 2 1) (30 76 69 2 0)) (60 60) (3 5)))
((4 (-12 -5 4 12)) ("bachChoraleBWV330R33" ((39 48 53 1 3) (39 55 57 1 2) (39 64 62 1 1) (39 72 67 1 0)) (60 60) (3 5)))
((1 (-15 0 4 9)) ("bachChoraleBWV331R287" ((8 45 51 2 3) (8 60 60 2 2) (8 64 62 2 1) (8 69 65 2 0)) (60 60) (3 5)))
((1 (-8 -1 8 16)) ("bachChoraleBWV331R287" ((16 52 55 4 3) (16 59 59 4 2) (16 68 64 4 1) (16 76 69 4 0)) (60 60) (3 5)))
((1 (-15 0 4 9)) ("bachChoraleBWV331R287" ((28 45 51 2 3) (28 60 60 2 2) (28 64 62 2 1) (28 69 65 2 0)) (60 60) (3 5)))
((1 (-8 -1 8 16)) ("bachChoraleBWV331R287" ((36 52 55 4 3) (36 59 59 4 2) (36 68 64 4 1) (36 76 69 4 0)) (60 60) (3 5)))
((1 (-12 -5 4 12)) ("bachChoraleBWV331R287" ((48 48 53 2 3) (48 55 57 2 2) (48 64 62 2 1) (48 72 67 2 0)) (60 60) (3 5)))
((3 (-5 2 11 19)) ("bachChoraleBWV332R136" ((6 50 54 1 3) (6 57 58 1 2) (6 66 63 1 1) (6 74 68 1 0)) (55 57) (1 0)))
((3 (-12 4 7 12)) ("bachChoraleBWV332R136" ((14 43 50 1 3) (14 59 59 1 2) (14 62 61 1 1) (14 67 64 1 0)) (55 57) (1 0)))
((3 (-5 2 11 19)) ("bachChoraleBWV332R136" ((22 50 54 1 3) (22 57 58 1 2) (22 66 63 1 1) (22 74 68 1 0)) (55 57) (1 0)))
((3 (-17 -1 2 7)) ("bachChoraleBWV347R2" ((6 40 48 1 -1/2) (6 40 48 1 3) (6 56 57 1 2) (6 59 59 1 1) (6 64 62 1 0)) (57 58) (3 0)))
((3 (-17 -5 -1 2 7)) ("bachChoraleBWV347R2" ((14 40 48 1 -1/2) (14 52 55 1 3) (14 56 57 1 2) (14 59 59 1 1) (14 64 62 1 0)) (57 58) (3 0)))
((3 (-17 -1 2 7)) ("bachChoraleBWV347R2" ((22 40 48 1 -1/2) (22 40 48 1 3) (22 56 57 1 2) (22 59 59 1 1) (22 64 62 1 0)) (57 58) (3 0)))
((3 (-17 -5 -1 2 7)) ("bachChoraleBWV347R2" ((30 40 48 1 -1/2) (30 52 55 1 3) (30 56 57 1 2) (30 59 59 1 1) (30 64 62 1 0)) (57 58) (3 0)))
((3 (-17 -5 7 11 14)) ("bachChoraleBWV347R2" ((38 40 48 1 -1/2) (38 52 55 1 3) (38 64 62 1 2) (38 68 64 1 1) (38 71 66 1 0)) (57 58) (3 0)))
((1 (-10 5 9 14)) ("bachChoraleBWV347R2" ((44 47 52 3 -1/2) (44 47 52 3 3) (44 62 61 3 2) (44 66 63 3 1) (44 71 66 3 0)) (57 58) (3 0)))
((3 (-17 -5 7 11 14)) ("bachChoraleBWV347R2" ((54 40 48 1 -1/2) (54 52 55 1 3) (54 64 62 1 1) (54 68 64 1 2) (54 71 66 1 0)) (57 58) (3 0)))
((4 (-5 7 11 14)) ("bachChoraleBWV350R360" ((7 53 56 1 3) (7 65 63 1 2) (7 69 65 1 1) (7 72 67 1 0)) (58 59) (-2 0)))
((3 (-12 4 7 12)) ("bachChoraleBWV350R360" ((14 46 52 2 3) (14 62 61 2 2) (14 65 63 2 1) (14 70 66 2 0)) (58 59) (-2 0)))
((4 (-5 7 11 14)) ("bachChoraleBWV350R360" ((23 53 56 1 3) (23 65 63 1 2) (23 69 65 1 1) (23 72 67 1 0)) (58 59) (-2 0)))
((3 (-12 4 7 12)) ("bachChoraleBWV350R360" ((30 46 52 2 3) (30 62 61 2 2) (30 65 63 2 1) (30 70 66 2 0)) (58 59) (-2 0)))
((3 (-10 -3 5 14)) ("bachChoraleBWV350R360" ((38 48 53 2 3) (38 55 57 2 2) (38 63 62 2 1) (38 72 67 2 0)) (58 59) (-2 0)))
((3 (-7 0 9 17)) ("bachChoraleBWV350R360" ((46 51 55 2 3) (46 58 59 2 2) (46 67 64 2 1) (46 75 69 2 0)) (58 59) (-2 0)))
((4 (-5 -1 7 14)) ("bachChoraleBWV350R360" ((55 53 56 1 3) (55 57 58 1 2) (55 65 63 1 1) (55 72 67 1 0)) (58 59) (-2 0)))
((1 (-15 0 4 9)) ("bachChoraleBWV353R269" ((8 43 50 2 3) (8 58 59 2 2) (8 62 61 2 1) (8 67 64 2 0)) (58 59) (1 5)))
((1 (-8 -4 4 11)) ("bachChoraleBWV353R269" ((16 50 54 4 3) (16 54 56 4 2) (16 62 61 4 1) (16 69 65 4 0)) (58 59) (1 5)))
((1 (-15 0 4 9)) ("bachChoraleBWV353R269" ((28 43 50 2 3) (28 58 59 2 2) (28 62 61 2 1) (28 67 64 2 0)) (58 59) (1 5)))
((1 (-8 -4 4 11)) ("bachChoraleBWV353R269" ((36 50 54 4 3) (36 54 56 4 2) (36 62 61 4 1) (36 69 65 4 0)) (58 59) (1 5)))
((1 (-17 -1 2 7)) ("bachChoraleBWV353R269" ((48 41 49 2 3) (48 57 58 2 2) (48 60 60 2 1) (48 65 63 2 0)) (58 59) (1 5)))
((3 (-12 0 4 12)) ("bachChoraleBWV353R269" ((58 46 52 2 3) (58 58 59 2 2) (58 62 61 2 1) (58 70 66 2 0)) (58 59) (1 5)))
((3 (-8 4 8 11)) ("bachChoraleBWV353R269" ((66 50 54 2 3) (66 62 61 2 2) (66 66 63 2 1) (66 69 65 2 0)) (58 59) (1 5)))
((3 (-15 0 4 9)) ("bachChoraleBWV363R30" ((10 40 48 2 3) (10 55 57 2 2) (10 59 59 2 1) (10 64 62 2 0)) (55 57) (4 5)))
((3 (-3 0 4 9)) ("bachChoraleBWV363R30" ((22 52 55 2 3) (22 55 57 2 2) (22 59 59 2 1) (22 64 62 2 0)) (55 57) (4 5)))
((1 (-12 4 7 12)) ("bachChoraleBWV363R30" ((32 43 50 2 3) (32 59 59 2 2) (32 62 61 2 1) (32 67 64 2 0)) (55 57) (4 5)))
((1 (-8 -5 -1 4)) ("bachChoraleBWV364R174" ((8 50 54 2 3) (8 53 56 2 2) (8 57 58 2 1) (8 62 61 2 0)) (58 59) (1 5)))
((1 (-15 0 4 9)) ("bachChoraleBWV364R174" ((16 43 50 2 3) (16 58 59 2 2) (16 62 61 2 1) (16 67 64 2 0)) (58 59) (1 5)))
((1 (-8 -4 4 11)) ("bachChoraleBWV364R174" ((24 50 54 2 3) (24 54 56 2 2) (24 62 61 2 1) (24 69 65 2 0)) (58 59) (1 5)))
((3 (-20 -5 -1 4)) ("bachChoraleBWV364R174" ((34 38 47 1 3) (34 53 56 1 2) (34 57 58 1 1) (34 62 61 1 0)) (58 59) (1 5)))
((3 (-5 -1 7 14)) ("bachChoraleBWV367R140" ((6 55 57 1 0) (6 59 59 1 1) (6 67 64 1 2) (6 74 68 1 3)) (60 60) (0 0)))
((3 (-17 2 7 11)) ("bachChoraleBWV367R140" ((14 43 50 1 0) (14 62 61 1 1) (14 67 64 1 2) (14 71 66 1 3)) (60 60) (0 0)))
((1 (-8 4 8 11)) ("bachChoraleBWV367R140" ((20 52 55 2 0) (20 64 62 2 1) (20 68 64 2 2) (20 71 66 2 3)) (60 60) (0 0)))
((3 (-5 2 7 11)) ("bachChoraleBWV367R140" ((30 55 57 1 0) (30 62 61 1 1) (30 67 64 1 2) (30 71 66 1 3)) (60 60) (0 0)))
((3 (-8 -1 4 7)) ("bachChoraleBWV367R140" ((38 52 55 1 0) (38 59 59 1 2) (38 64 62 1 1) (38 67 64 1 3)) (60 60) (0 0)))
((1 (-15 0 4 9)) ("bachChoraleBWV372R218" ((8 43 50 2 3) (8 58 59 2 2) (8 62 61 2 1) (8 67 64 2 0)) (58 59) (1 5)))
((3 (-15 0 4 9)) ("bachChoraleBWV372R218" ((18 43 50 2 3) (18 58 59 2 2) (18 62 61 2 1) (18 67 64 2 0)) (58 59) (1 5)))
((3 (-8 -1 4 8)) ("bachChoraleBWV372R218" ((26 50 54 2 3) (26 57 58 2 2) (26 62 61 2 1) (26 66 63 2 0)) (58 59) (1 5)))
((3 (-15 0 4 9)) ("bachChoraleBWV372R218" ((34 43 50 2 3) (34 58 59 2 2) (34 62 61 2 1) (34 67 64 2 0)) (58 59) (1 5)))
((1 (-12 0 4 12)) ("bachChoraleBWV372R218" ((44 46 52 2 3) (44 58 59 2 2) (44 62 61 2 1) (44 70 66 2 0)) (58 59) (1 5)))
((3 (-12 -5 4 12)) ("bachChoraleBWV372R218" ((54 46 52 2 3) (54 53 56 2 2) (54 62 61 2 1) (54 70 66 2 0)) (58 59) (1 5)))
((3 (-8 -1 4 8)) ("bachChoraleBWV372R218" ((62 50 54 2 3) (62 57 58 2 2) (62 62 61 2 1) (62 66 63 2 0)) (58 59) (1 5)))
((3 (-5 7 11 14)) ("bachChoraleBWV373R131" ((6 50 54 2 3) (6 62 61 2 2) (6 66 63 2 1) (6 69 65 2 0)) (55 57) (1 0)))
((1 (-12 4 7 12)) ("bachChoraleBWV373R131" ((16 43 50 4 3) (16 59 59 4 2) (16 62 61 4 1) (16 67 64 4 0)) (55 57) (1 0)))
((3 (-5 7 11 14)) ("bachChoraleBWV373R131" ((26 50 54 2 3) (26 62 61 2 2) (26 66 63 2 1) (26 69 65 2 0)) (55 57) (1 0)))
((1 (-12 4 7 12)) ("bachChoraleBWV373R131" ((36 43 50 4 3) (36 59 59 4 2) (36 62 61 4 1) (36 67 64 4 0)) (55 57) (1 0)))
((4 (-5 -1 2 7)) ("bachChoraleBWV373R131" ((47 50 54 1 3) (47 54 56 1 2) (47 57 58 1 1) (47 62 61 1 0)) (55 57) (1 0)))
((3 (-12 7 12 16)) ("bachChoraleBWV379R151" ((6 43 50 2 3) (6 62 61 2 2) (6 67 64 2 1) (6 71 66 2 0)) (55 57) (1 0)))
((1 (-12 4 7 12)) ("bachChoraleBWV379R151" ((16 43 50 4 3) (16 59 59 4 2) (16 62 61 4 1) (16 67 64 4 0)) (55 57) (1 0)))
((3 (-12 7 12 16)) ("bachChoraleBWV379R151" ((26 43 50 2 3) (26 62 61 2 2) (26 67 64 2 1) (26 71 66 2 0)) (55 57) (1 0)))
((1 (-12 4 7 12)) ("bachChoraleBWV379R151" ((36 43 50 4 3) (36 59 59 4 2) (36 62 61 4 1) (36 67 64 4 0)) (55 57) (1 0)))
((3 (4 8 11)) ("bachChoraleBWV379R151" ((46 59 59 2 2) (46 59 59 2 3) (46 63 61 2 1) (46 66 63 2 0)) (55 57) (1 0)))
((3 (-20 -13 -4 4)) ("bachChoraleBWV381R346" ((6 47 52 2 3) (6 54 56 2 2) (6 63 61 2 1) (6 71 66 2 0)) (67 64) (4 5)))
((4 (-24 -5 0 4)) ("bachChoraleBWV381R346" ((15 43 50 1 3) (15 62 61 1 2) (15 67 64 1 1) (15 71 66 1 0)) (67 64) (4 5)))
((3 (-27 -12 -8 -3)) ("bachChoraleBWV381R346" ((22 40 48 2 3) (22 55 57 2 2) (22 59 59 2 1) (22 64 62 2 0)) (67 64) (4 5)))
((4 (-24 -8 -5 0)) ("bachChoraleBWV381R346" ((31 43 50 1 3) (31 59 59 1 2) (31 62 61 1 1) (31 67 64 1 0)) (67 64) (4 5)))
((2 (-17 -5 -1 2)) ("bachChoraleBWV381R346" ((36 50 54 2 3) (37 62 61 1 2) (37 66 63 1 1) (37 69 65 1 0)) (67 64) (4 5)))
((2 (-17 -5 -1 2)) ("bachChoraleBWV381R346" ((44 50 54 2 3) (45 62 61 1 2) (45 66 63 1 1) (45 69 65 1 0)) (67 64) (4 5)))
((1 (0 4 12 19)) ("bachChoraleBWV386R32" ((4 57 58 2 3) (4 61 60 2 2) (4 69 65 2 1) (4 76 69 2 0)) (57 58) (3 0)))
((3 (-12 4 7 12)) ("bachChoraleBWV386R32" ((14 45 51 1 3) (14 61 60 1 2) (14 64 62 1 1) (14 69 65 1 0)) (57 58) (3 0)))
((1 (0 4 12 19)) ("bachChoraleBWV386R32" ((20 57 58 2 3) (20 61 60 2 2) (20 69 65 2 1) (20 76 69 2 0)) (57 58) (3 0)))
((3 (-12 4 7 12)) ("bachChoraleBWV386R32" ((30 45 51 1 3) (30 61 60 1 2) (30 64 62 1 1) (30 69 65 1 0)) (57 58) (3 0)))
((1 (-17 -1 7 14)) ("bachChoraleBWV386R32" ((36 40 48 2 3) (36 56 57 2 2) (36 64 62 2 1) (36 71 66 2 0)) (57 58) (3 0)))
((1 (-5 2 11 19)) ("bachChoraleBWV386R32" ((44 52 55 2 3) (44 59 59 2 2) (44 68 64 2 1) (44 76 69 2 0)) (57 58) (3 0)))
((1 (-10 9 14 17)) ("bachChoraleBWV386R32" ((52 47 52 2 3) (52 66 63 2 2) (52 71 66 2 1) (52 74 68 2 0)) (57 58) (3 0)))
((4 (-12 0 4 7)) ("bachChoraleBWV407R202" ((6 50 54 2 3) (6 62 61 5/2 2) (6 69 65 2 0) (7 66 63 1 1)) (62 61) (2 0)))
((1 (-12 -8 -5 0)) ("bachChoraleBWV407R202" ((12 50 54 4 3) (12 54 56 4 2) (12 57 58 4 1) (12 62 61 4 0)) (62 61) (2 0)))
((3 (-10 -3 2 5)) ("bachChoraleBWV407R202" ((22 52 55 2 3) (22 59 59 2 2) (22 64 62 2 1) (22 67 64 2 0)) (62 61) (2 0)))
((1 (-17 -1 2 7)) ("bachChoraleBWV407R202" ((28 45 51 4 3) (28 61 60 4 2) (28 64 62 4 1) (28 69 65 4 0)) (62 61) (2 0)))
((3 (-12 0 4 7)) ("bachChoraleBWV407R202" ((38 50 54 1 3) (38 62 61 1 2) (38 66 63 1 1) (38 69 65 1 0)) (62 61) (2 0)))
((1 (-10 -7 -3 5)) ("bachChoraleBWV407R202" ((44 52 55 4 3) (44 55 57 4 2) (44 59 59 4 1) (44 67 64 4 0)) (62 61) (2 0)))
((4 (-15 -3 1 4)) ("bachChoraleBWV407R202" ((54 47 52 2 3) (54 59 59 2 2) (54 66 63 2 0) (55 63 61 1 1)) (62 61) (2 0)))
((1 (-24 -8 -5 0)) ("bachChoraleBWV407R202" ((60 38 47 4 3) (60 54 56 4 2) (60 57 58 4 1) (60 62 61 4 0)) (62 61) (2 0)))
((1 (-17 -1 2 7)) ("bachChoraleBWV407R202" ((76 45 51 4 3) (76 61 60 4 2) (76 64 62 4 1) (76 69 65 4 0)) (62 61) (2 0)))
((1 (-17 0 2 7)) ("bachChoraleBWV407R202" ((94 62 61 3 2) (96 45 51 4 3) (96 64 62 4 1) (96 69 65 4 0)) (62 61) (2 0)))
