(-1 50 54 1 3)
(-1 62 61 1/2 2)
(-1 65 63 1 1)
(-1 69 65 1 0)
(-1/2 60 60 1/2 2)
(0 52 55 1/2 3)
(0 59 59 1 2)
(0 64 62 1 1)
(0 68 64 1 0)
(1/2 50 54 1/2 3)
(1 48 53 1/2 3)
(1 60 60 1/2 2)
(1 64 62 1 1)
(1 69 65 1/2 0)
(3/2 47 52 1/2 3)
(3/2 56 57 1/2 2)
(3/2 71 66 1/2 0)
(2 45 51 1 3)
(2 57 58 1 2)
(2 64 62 1 1)
(2 72 67 1 0)
(3 44 50 1 3)
(3 59 59 1 2)
(3 64 62 1 1)
(3 74 68 1 0)
(4 45 51 1 3)
(4 57 58 1 2)
(4 64 62 1 1)
(4 72 67 1 0)
(5 40 48 1 3)
(5 56 57 1 2)
(5 64 62 1/2 1)
(5 71 66 1 0)
(11/2 62 61 1/2 1)
(6 45 51 1 3)
(6 52 55 1 2)
(6 61 60 1 1)
(6 69 65 1 0)
(7 49 53 1 3)
(7 57 58 1 2)
(7 64 62 1 1)
(7 69 65 1 0)
(8 50 54 1 3)
(8 57 58 1/2 2)
(8 62 61 1 1)
(8 65 63 1 0)
(17/2 58 59 1/2 2)
(9 52 55 1 3)
(9 57 58 1/2 2)
(9 60 60 1 1)
(9 67 64 1 0)
(19/2 55 57 1/2 2)
(10 53 56 1/2 2)
(10 53 56 1/2 3)
(10 60 60 1/2 1)
(10 69 65 1 0)
(21/2 52 55 1/2 3)
(21/2 55 57 1/2 2)
(21/2 61 60 1/2 1)
(11 50 54 1 3)
(11 57 58 1 2)
(11 62 61 1 1)
(11 67 64 1/2 0)
(23/2 65 63 1/2 0)
(12 43 50 1/2 3)
(12 58 59 1 2)
(12 62 61 1 1)
(12 64 62 1/2 0)
(25/2 45 51 1/4 3)
(25/2 62 61 1/2 0)
(51/4 46 52 1/4 3)
(13 45 51 1 3)
(13 52 55 1/2 2)
(13 61 60 1 1)
(13 64 62 1 0)
(27/2 55 57 1/2 2)
(14 38 47 1 3)
(14 53 56 1 2)
(14 57 58 1 1)
(14 62 61 1 0)
(15 50 54 1 3)
(15 62 61 1/2 2)
(15 65 63 1 1)
(15 69 65 1 0)
(31/2 60 60 1/2 2)
(16 52 55 1/2 3)
(16 59 59 1 2)
(16 64 62 1 1)
(16 68 64 1 0)
(33/2 50 54 1/2 3)
(17 48 53 1/2 3)
(17 60 60 1/2 2)
(17 64 62 1 1)
(17 69 65 1/2 0)
(35/2 47 52 1/2 3)
(35/2 56 57 1/2 2)
(35/2 71 66 1/2 0)
(18 45 51 1 3)
(18 57 58 1 2)
(18 64 62 1 1)
(18 72 67 1 0)
(19 44 50 1 3)
(19 59 59 1 2)
(19 64 62 1 1)
(19 74 68 1 0)
(20 45 51 1 3)
(20 57 58 1 2)
(20 64 62 1 1)
(20 72 67 1 0)
(21 40 48 1 3)
(21 56 57 1 2)
(21 64 62 1/2 1)
(21 71 66 1 0)
(43/2 62 61 1/2 1)
(22 45 51 1 3)
(22 52 55 1 2)
(22 61 60 1 1)
(22 69 65 1 0)
(23 49 53 1 3)
(23 57 58 1 2)
(23 64 62 1 1)
(23 69 65 1 0)
(24 50 54 1 3)
(24 57 58 1/2 2)
(24 62 61 1 1)
(24 65 63 1 0)
(49/2 58 59 1/2 2)
(25 52 55 1 3)
(25 57 58 1/2 2)
(25 60 60 1 1)
(25 67 64 1 0)
(51/2 55 57 1/2 2)
(26 53 56 1/2 2)
(26 53 56 1/2 3)
(26 60 60 1/2 1)
(26 69 65 1 0)
(53/2 52 55 1/2 3)
(53/2 55 57 1/2 2)
(53/2 61 60 1/2 1)
(27 50 54 1 3)
(27 57 58 1 2)
(27 62 61 1 1)
(27 67 64 1/2 0)
(55/2 65 63 1/2 0)
(28 43 50 1/2 3)
(28 58 59 1 2)
(28 62 61 1 1)
(28 64 62 1/2 0)
(57/2 45 51 1/4 3)
(57/2 62 61 1/2 0)
(115/4 46 52 1/4 3)
(29 45 51 1 3)
(29 52 55 1/2 2)
(29 61 60 1 1)
(29 64 62 1 0)
(59/2 55 57 1/2 2)
(30 38 47 2 3)
(30 53 56 2 2)
(30 57 58 2 1)
(30 62 61 2 0)
(32 50 54 3/2 3)
(32 53 56 1/2 2)
(32 57 58 1 1)
(32 62 61 1/2 0)
(65/2 55 57 1/2 2)
(65/2 64 62 1/2 0)
(33 57 58 1 2)
(33 62 61 1 1)
(33 65 63 1 0)
(67/2 48 53 1/2 3)
(34 46 52 1/2 3)
(34 55 57 1/2 2)
(34 62 61 3/2 1)
(34 67 64 1 0)
(69/2 45 51 1/2 3)
(69/2 57 58 1/2 2)
(35 43 50 1 3)
(35 58 59 1 2)
(35 62 61 1/2 0)
(71/2 61 60 1/2 1)
(71/2 64 62 1/2 0)
(36 50 54 1 3)
(36 57 58 1 2)
(36 62 61 1 1)
(36 65 63 1 0)
(37 52 55 1 3)
(37 55 57 1 2)
(37 60 60 1 1)
(37 67 64 1 0)
(38 53 56 1 2)
(38 53 56 1 3)
(38 60 60 1 1)
(38 69 65 1 0)
(39 53 56 1/2 3)
(39 60 60 1 2)
(39 65 63 1/2 1)
(39 69 65 1 0)
(79/2 52 55 1/2 3)
(79/2 67 64 1/2 1)
(40 50 54 1 3)
(40 65 63 1 2)
(40 69 65 1 1)
(40 74 68 1 0)
(41 52 55 1 3)
(41 64 62 1 2)
(41 67 64 1 1)
(41 73 67 1 0)
(42 54 56 1 3)
(42 62 61 1/2 2)
(42 69 65 1 1)
(42 74 68 1 0)
(85/2 60 60 1/2 2)
(43 56 57 1 3)
(43 59 59 1 2)
(43 64 62 1 1)
(43 76 69 1/2 0)
(87/2 74 68 1/2 0)
(44 57 58 1 2)
(44 57 58 1 3)
(44 64 62 1 1)
(44 72 67 1 0)
(45 52 55 1 3)
(45 56 57 1 2)
(45 64 62 1/2 1)
(45 71 66 1 0)
(91/2 62 61 1/2 1)
(46 45 51 1 3)
(46 52 55 1 2)
(46 60 60 1 1)
(46 69 65 1 0)
(47 50 54 1 3)
(47 53 56 1 2)
(47 62 61 1 1)
(47 71 66 1 0)
(48 48 53 1 3)
(48 55 57 1 2)
(48 64 62 1 1)
(48 72 67 1 0)
(49 53 56 1 2)
(49 53 56 1 3)
(49 60 60 1 1)
(49 69 65 1/2 0)
(99/2 70 66 1/2 0)
(50 45 51 1/2 3)
(50 53 56 1 2)
(50 65 63 1 1)
(50 72 67 1 0)
(101/2 46 52 1/2 3)
(51 48 53 1 3)
(51 60 60 1/2 2)
(51 64 62 3/2 1)
(51 67 64 1 0)
(103/2 58 59 1/2 2)
(52 50 54 1 3)
(52 57 58 1 2)
(52 65 63 1 0)
(105/2 62 61 1 1)
(53 45 51 1 3)
(53 55 57 1 2)
(53 64 62 1 0)
(107/2 61 60 1/2 1)
(54 46 52 2 3)
(54 53 56 2 2)
(54 62 61 2 0)
(54 62 61 2 1)
(56 53 56 1 2)
(56 53 56 1 3)
(56 60 60 1/2 1)
(56 69 65 1 0)
(113/2 62 61 1/2 1)
(57 49 53 1 3)
(57 52 55 1/2 2)
(57 64 62 3/2 1)
(57 67 64 1 0)
(115/2 57 58 1/2 2)
(58 50 54 1 3)
(58 57 58 1 2)
(58 65 63 2 0)
(117/2 61 60 1/2 1)
(59 46 52 1 3)
(59 58 59 2 2)
(59 62 61 2 1)
(60 43 50 1 3)
(60 64 62 2 0)
(61 45 51 1 3)
(61 55 57 1/2 2)
(61 61 60 1 1)
(123/2 53 56 1/2 2)
(62 38 47 2 3)
(62 54 56 2 2)
(62 57 58 2 1)
(62 62 61 2 0)
