(0 43 50 4 1)
(0 50 54 4 1)
(0 55 57 4 1)
(0 61 60 3/2 0)
(0 73 67 3/2 0)
(3/2 59 59 3/2 0)
(3/2 71 66 3/2 0)
(3 64 62 1 0)
(3 76 69 1 0)
(4 45 51 4 1)
(4 52 55 4 1)
(4 57 58 4 1)
(4 61 60 3/2 0)
(4 73 67 3/2 0)
(11/2 59 59 3/2 0)
(11/2 71 66 3/2 0)
(7 64 62 1 0)
(7 76 69 1 0)
(8 47 52 4 1)
(8 54 56 4 1)
(8 59 59 4 1)
(8 61 60 3/2 0)
(8 73 67 3/2 0)
(19/2 59 59 5/2 0)
(19/2 71 66 5/2 0)
(12 50 54 4 1)
(12 57 58 4 1)
(12 62 61 4 1)
(12 69 65 5 0)
(16 50 54 4 1)
(16 57 58 4 1)
(16 62 61 4 1)
(35/2 59 59 1/2 0)
(18 59 59 1 0)
(19 61 60 1/2 0)
(39/2 61 60 2 0)
(20 43 50 4 1)
(20 47 52 4 1)
(20 50 54 4 1)
(43/2 55 57 1/2 0)
(43/2 59 59 1/2 0)
(22 55 57 1 0)
(22 59 59 1 0)
(23 57 58 1/2 0)
(23 61 60 1/2 0)
(47/2 57 58 2 0)
(47/2 61 60 2 0)
(24 45 51 4 1)
(24 49 53 4 1)
(24 52 55 4 1)
(26 59 59 1 0)
(27 59 59 1 0)
(27 64 62 1 0)
(28 47 52 4 1)
(28 50 54 4 1)
(28 54 56 4 1)
(28 59 59 3/2 0)
(28 61 60 3/2 0)
(59/2 59 59 2 0)
(32 50 54 4 1)
(32 54 56 4 1)
(32 57 58 4 1)
(67/2 59 59 1/2 0)
(34 59 59 1 0)
(35 61 60 1/2 0)
(71/2 61 60 2 0)
(36 43 50 4 1)
(36 47 52 4 1)
(36 50 54 4 1)
(75/2 55 57 1/2 0)
(75/2 59 59 1/2 0)
(38 55 57 1 0)
(38 59 59 1 0)
(39 57 58 1/2 0)
(39 61 60 1/2 0)
(79/2 57 58 2 0)
(79/2 61 60 2 0)
(40 45 51 4 1)
(40 49 53 4 1)
(40 52 55 4 1)
(42 59 59 1 0)
(43 59 59 1 0)
(43 64 62 1 0)
(44 47 52 4 1)
(44 50 54 4 1)
(44 54 56 4 1)
(44 59 59 3/2 0)
(44 61 60 3/2 0)
(91/2 59 59 2 0)
(48 38 47 4 1)
(48 42 49 4 1)
(48 45 51 4 1)
(49 50 54 1 0)
(50 54 56 1/2 0)
(101/2 57 58 1 0)
(103/2 50 54 2 0)
(103/2 54 56 2 0)
(103/2 59 59 2 0)
(52 31 43 4 1)
(52 38 47 4 1)
(52 43 50 4 1)
(54 54 56 1 0)
(55 57 58 1/2 0)
(111/2 59 59 2 0)
(56 33 44 4 1)
(56 40 48 4 1)
(56 45 51 4 1)
(115/2 57 58 1/2 0)
(58 57 58 1 0)
(58 59 59 1 0)
(59 57 58 1 0)
(59 62 61 1 0)
(60 35 45 4 1)
(60 42 49 4 1)
(60 47 52 4 1)
(60 59 59 1 0)
(60 66 63 1 0)
(61 64 62 1/2 0)
(123/2 64 62 1/2 0)
(62 59 59 1 0)
(62 62 61 1 0)
(62 67 64 1 0)
(63 66 63 1/2 0)
(127/2 66 63 1/2 0)
(64 38 47 4 1)
(64 45 51 4 1)
(64 50 54 4 1)
(64 64 62 1/2 0)
(129/2 62 61 1/2 0)
(66 54 56 1/2 0)
(133/2 57 58 1 0)
(135/2 50 54 3/2 0)
(135/2 54 56 3/2 0)
(135/2 59 59 3/2 0)
(68 31 43 4 1)
(68 38 47 4 1)
(68 43 50 4 1)
(139/2 50 54 1/2 0)
(70 54 56 1 0)
(71 57 58 1/2 0)
(143/2 59 59 1/2 0)
(72 33 44 4 1)
(72 40 48 4 1)
(72 45 51 4 1)
(72 57 58 1/2 0)
(147/2 57 58 1/2 0)
(74 57 58 1 0)
(74 59 59 1 0)
(75 57 58 1 0)
(75 62 61 1 0)
(76 35 45 4 1)
(76 42 49 4 1)
(76 47 52 4 1)
(76 59 59 1 0)
(76 66 63 1 0)
(77 64 62 1/2 0)
(155/2 64 62 1/2 0)
(78 59 59 1 0)
(78 62 61 1 0)
(78 67 64 1 0)
(79 66 63 1/2 0)
(159/2 66 63 1/2 0)
(80 38 47 1 1)
(80 64 62 1/2 0)
(161/2 62 61 2 0)
(81 45 51 1 1)
(81 50 54 1 1)
(82 45 51 1 1)
(82 50 54 1 1)
(83 45 51 1 1)
(83 50 54 1 1)
(84 43 50 1/2 1)
(84 67 64 3/2 0)
(84 71 66 3/2 0)
(84 76 69 1/2 0)
(169/2 47 52 1/2 1)
(169/2 74 68 1 0)
(85 50 54 1/2 1)
(171/2 55 57 2 1)
(171/2 67 64 3/2 0)
(171/2 71 66 3/2 0)
(171/2 76 69 1/2 0)
(86 74 68 1 0)
(87 67 64 1 0)
(87 71 66 1 0)
(87 74 68 1 0)
(88 45 51 1/2 1)
(88 69 65 3/2 0)
(88 73 67 3/2 0)
(88 76 69 1/2 0)
(177/2 49 53 1/2 1)
(177/2 74 68 1 0)
(89 52 55 1/2 1)
(179/2 57 58 2 1)
(179/2 69 65 3/2 0)
(179/2 73 67 3/2 0)
(179/2 76 69 1/2 0)
(90 74 68 1 0)
(91 69 65 1 0)
(91 74 68 1 0)
(92 47 52 1/2 1)
(92 71 66 3/2 0)
(92 76 69 1/2 0)
(185/2 50 54 1/2 1)
(185/2 74 68 1 0)
(93 54 56 1/2 1)
(187/2 59 59 2 1)
(187/2 71 66 1/2 0)
(94 71 66 2/3 0)
(94 76 69 2/3 0)
(284/3 71 66 2/3 0)
(284/3 76 69 2/3 0)
(286/3 71 66 17/3 0)
(286/3 76 69 17/3 0)
(96 50 54 1/2 1)
(193/2 54 56 1/2 1)
(97 57 58 1/2 1)
(195/2 54 56 1/4 1)
(391/4 57 58 1/4 1)
(98 62 61 1/2 1)
(197/2 57 58 1/2 1)
(99 54 56 1/2 1)
(199/2 57 58 1/2 1)
(100 38 47 1/2 1)
(201/2 42 49 1/2 1)
(101 45 51 1/2 1)
(203/2 50 54 2 1)
(203/2 78 70 1/2 0)
(102 76 69 1/2 0)
(205/2 76 69 1 0)
(207/2 73 67 1/2 0)
(207/2 76 69 1/2 0)
(104 43 50 1/2 1)
(104 71 66 1 0)
(104 74 68 1 0)
(209/2 47 52 1/2 1)
(105 50 54 1/2 1)
(211/2 55 57 2 1)
(211/2 71 66 1/2 0)
(211/2 78 70 1/2 0)
(106 73 67 1/2 0)
(106 76 69 1/2 0)
(213/2 73 67 1 0)
(213/2 76 69 1 0)
(215/2 73 67 3 0)
(215/2 76 69 1/2 0)
(108 45 51 1/2 1)
(108 71 66 1 0)
(108 74 68 1 0)
(217/2 49 53 1/2 1)
(109 52 55 1/2 1)
(219/2 57 58 2 1)
(219/2 74 68 1/2 0)
(219/2 78 70 1/2 0)
(110 76 69 1/2 0)
(221/2 73 67 1/2 0)
(221/2 76 69 1/2 0)
(111 71 66 1 0)
(111 74 68 1 0)
(112 47 52 1/2 1)
(112 71 66 2 0)
(112 76 69 1 0)
(225/2 50 54 1/2 1)
(113 54 56 1/2 1)
(113 78 70 1 0)
(227/2 59 59 2 1)
(114 71 66 1 0)
(114 76 69 1/2 0)
(229/2 78 70 1/2 0)
(115 71 66 1/2 0)
(115 76 69 1/2 0)
(231/2 74 68 1 0)
(116 50 54 1/2 1)
(233/2 54 56 1/2 1)
(117 57 58 1/2 1)
(117 71 66 1 0)
(117 78 70 1 0)
(235/2 62 61 1/2 1)
(118 49 53 1/2 1)
(118 73 67 1/2 0)
(118 76 69 1/2 0)
(237/2 54 56 1/2 1)
(237/2 73 67 1 0)
(237/2 76 69 1 0)
(119 57 58 1/2 1)
(239/2 61 60 1/2 1)
(239/2 73 67 1/2 0)
(239/2 76 69 1/2 0)
(120 43 50 1/2 1)
(120 71 66 1 0)
(120 74 68 1 0)
(241/2 47 52 1/2 1)
(121 50 54 1/2 1)
(121 74 68 1 0)
(121 78 70 1 0)
(243/2 55 57 2 1)
(122 74 68 1/2 0)
(122 76 69 1/2 0)
(245/2 74 68 1 0)
(245/2 76 69 1 0)
(247/2 74 68 1/2 0)
(247/2 76 69 1/2 0)
(124 45 51 1/2 1)
(124 74 68 1/2 0)
(249/2 49 53 1/2 1)
(249/2 69 65 1 0)
(249/2 78 70 1 0)
(125 52 55 1/2 1)
(251/2 57 58 2 1)
(251/2 69 65 1 0)
(251/2 76 69 1 0)
(253/2 69 65 1 0)
(253/2 76 69 1 0)
(255/2 74 68 11/2 0)
(128 47 52 1/2 1)
(257/2 50 54 1/2 1)
(129 54 56 1/2 1)
(259/2 47 52 13/2 1)
(259/2 54 56 13/2 1)
(259/2 59 59 13/2 1)
(267/2 59 59 1/2 0)
(134 59 59 1 0)
(135 61 60 1/2 0)
(271/2 61 60 2 0)
(136 43 50 1/2 1)
(273/2 47 52 1/2 1)
(137 50 54 1/2 1)
(275/2 47 52 1/2 1)
(275/2 59 59 1/2 0)
(138 55 57 1/2 1)
(138 59 59 1 0)
(277/2 50 54 1/2 1)
(139 47 52 1/2 1)
(139 61 60 1/2 0)
(279/2 50 54 1/2 1)
(279/2 61 60 2 0)
(140 45 51 1/2 1)
(281/2 49 53 1/2 1)
(141 52 55 1/2 1)
(283/2 49 53 1/2 1)
(142 57 58 1/2 1)
(142 59 59 1 0)
(285/2 52 55 1/2 1)
(143 49 53 1/2 1)
(143 59 59 1 0)
(143 64 62 1 0)
(287/2 52 55 1/2 1)
(144 47 52 1/2 1)
(144 59 59 3/2 0)
(144 61 60 3/2 0)
(289/2 50 54 1/2 1)
(145 54 56 1/2 1)
(291/2 50 54 1/2 1)
(291/2 59 59 2 0)
(146 59 59 1/2 1)
(293/2 54 56 1/2 1)
(147 50 54 1/2 1)
(295/2 54 56 1/2 1)
(148 38 47 1/2 1)
(148 78 70 1/2 0)
(297/2 42 49 1/2 1)
(149 45 51 1/2 1)
(299/2 42 49 1/2 1)
(299/2 78 70 1/2 0)
(150 50 54 1/2 1)
(150 59 59 1 0)
(301/2 45 51 1/2 1)
(151 42 49 1/2 1)
(151 61 60 1/2 0)
(303/2 45 51 1/2 1)
(303/2 61 60 2 0)
(152 43 50 1/2 1)
(305/2 47 52 1/2 1)
(153 50 54 1/2 1)
(307/2 47 52 1/2 1)
(307/2 59 59 1/2 0)
(154 55 57 1/2 1)
(154 59 59 1 0)
(309/2 50 54 1/2 1)
(155 47 52 1/2 1)
(155 61 60 1/2 0)
(311/2 50 54 1/2 1)
(311/2 61 60 2 0)
(156 45 51 1/2 1)
(313/2 49 53 1/2 1)
(157 52 55 1/2 1)
(315/2 49 53 1/2 1)
(158 57 58 1/2 1)
(158 59 59 1 0)
(317/2 52 55 1/2 1)
(159 49 53 1/2 1)
(159 59 59 1 0)
(159 64 62 1 0)
(319/2 52 55 1/2 1)
(160 47 52 1/2 1)
(160 59 59 3/2 0)
(160 61 60 3/2 0)
(321/2 50 54 1/2 1)
(161 54 56 1/2 1)
(323/2 50 54 1/2 1)
(323/2 59 59 2 0)
(162 59 59 1/2 1)
(325/2 54 56 1/2 1)
(163 50 54 1/2 1)
(327/2 54 56 1/2 1)
(164 38 47 1/2 1)
(329/2 42 49 1/2 1)
(165 45 51 1/2 1)
(165 50 54 1 0)
(331/2 42 49 1/2 1)
(166 50 54 1/2 1)
(166 54 56 1/2 0)
(333/2 45 51 1/2 1)
(333/2 57 58 1 0)
(167 42 49 1 1)
(335/2 50 54 2 0)
(335/2 54 56 2 0)
(335/2 59 59 2 0)
(168 43 50 4 1)
(169 47 52 3 1)
(169 50 54 3 1)
(169 55 57 3 1)
(170 54 56 1 0)
(171 57 58 1/2 0)
(343/2 59 59 2 0)
(172 45 51 4 1)
(173 49 53 3 1)
(173 52 55 3 1)
(173 57 58 3 1)
(347/2 57 58 1/2 0)
(174 57 58 1 0)
(174 59 59 1 0)
(175 57 58 1 0)
(175 62 61 1 0)
(176 47 52 4 1)
(176 59 59 1 0)
(176 66 63 1 0)
(177 50 54 3 1)
(177 54 56 3 1)
(177 59 59 3 1)
(177 64 62 1/2 0)
(355/2 64 62 1/2 0)
(178 59 59 1 0)
(178 62 61 1 0)
(178 67 64 1 0)
(179 66 63 1/2 0)
(359/2 66 63 1/2 0)
(180 38 47 4 1)
(180 64 62 1/2 0)
(361/2 62 61 1/2 0)
(181 42 49 3 1)
(181 45 51 3 1)
(181 50 54 3 1)
(182 54 56 1/2 0)
(365/2 57 58 1 0)
(367/2 50 54 3/2 0)
(367/2 54 56 3/2 0)
(367/2 59 59 3/2 0)
(184 43 50 4 1)
(185 47 52 3 1)
(185 50 54 3 1)
(185 55 57 3 1)
(371/2 50 54 1/2 0)
(186 54 56 1 0)
(187 57 58 1/2 0)
(375/2 59 59 1/2 0)
(188 45 51 4 1)
(188 57 58 1/2 0)
(189 49 53 3 1)
(189 52 55 3 1)
(189 57 58 3 1)
(379/2 57 58 1/2 0)
(190 57 58 1 0)
(190 59 59 1 0)
(191 57 58 1 0)
(191 62 61 1 0)
(192 47 52 4 1)
(192 59 59 1 0)
(192 66 63 1 0)
(193 50 54 3 1)
(193 54 56 3 1)
(193 59 59 3 1)
(193 64 62 1/2 0)
(387/2 64 62 1/2 0)
(194 59 59 1 0)
(194 62 61 1 0)
(194 67 64 1 0)
(195 59 59 1 0)
(195 66 63 1/2 0)
(391/2 66 63 1/2 0)
(196 38 47 1 1)
(196 64 62 1/2 0)
(393/2 62 61 2 0)
(197 45 51 1 1)
(197 50 54 1 1)
(198 38 47 1/2 1)
(198 45 51 1/2 1)
(198 50 54 1/2 1)
(397/2 38 47 1/2 1)
(397/2 45 51 1/2 1)
(397/2 50 54 1/2 1)
(199 38 47 1/2 1)
(199 45 51 1/2 1)
(199 50 54 1/2 1)
(399/2 38 47 1/2 1)
(399/2 45 51 1/2 1)
(399/2 50 54 1/2 1)
(200 43 50 1/2 1)
(200 67 64 3/2 0)
(200 71 66 3/2 0)
(200 76 69 1/2 0)
(401/2 47 52 1/2 1)
(401/2 74 68 1 0)
(201 50 54 1/2 1)
(403/2 47 52 1/2 1)
(403/2 67 64 3/2 0)
(403/2 71 66 3/2 0)
(403/2 76 69 1/2 0)
(202 55 57 1/2 1)
(202 74 68 1 0)
(405/2 50 54 1/2 1)
(203 47 52 1/2 1)
(203 67 64 1 0)
(203 71 66 1 0)
(203 74 68 1 0)
(407/2 50 54 1/2 1)
(204 45 51 1/2 1)
(204 69 65 3/2 0)
(204 73 67 3/2 0)
(204 76 69 1/2 0)
(409/2 49 53 1/2 1)
(409/2 74 68 1 0)
(205 52 55 1/2 1)
(411/2 49 53 1/2 1)
(411/2 69 65 3/2 0)
(411/2 73 67 3/2 0)
(411/2 76 69 1/2 0)
(206 57 58 1/2 1)
(206 74 68 1 0)
(413/2 52 55 1/2 1)
(207 49 53 1/2 1)
(207 69 65 1 0)
(207 74 68 1 0)
(415/2 52 55 1/2 1)
(208 47 52 1/2 1)
(208 71 66 3/2 0)
(208 76 69 1/2 0)
(417/2 50 54 1/2 1)
(417/2 74 68 1 0)
(209 54 56 1/2 1)
(419/2 59 59 2 1)
(419/2 71 66 1/2 0)
(210 71 66 2/3 0)
(210 76 69 2/3 0)
(632/3 71 66 2/3 0)
(632/3 76 69 2/3 0)
(634/3 71 66 14/3 0)
(634/3 76 69 2/3 0)
(634/3 76 69 14/3 0)
(212 50 54 1/2 1)
(425/2 54 56 1/2 1)
(213 57 58 1/2 1)
(427/2 54 56 1/4 1)
(855/4 57 58 1/4 1)
(214 62 61 1/2 1)
(429/2 57 58 1/2 1)
(215 54 56 1/2 1)
(431/2 57 58 1/2 1)
(216 50 54 1/2 1)
(216 71 66 1 0)
(216 76 69 1 0)
(433/2 54 56 1/2 1)
(217 57 58 1/2 1)
(435/2 54 56 1/2 1)
(435/2 78 70 1/2 0)
(218 62 61 1/2 1)
(218 76 69 1/2 0)
(437/2 57 58 1/2 1)
(437/2 76 69 1 0)
(219 54 56 1/2 1)
(439/2 57 58 1/2 1)
(439/2 73 67 1/2 0)
(439/2 76 69 1/2 0)
(220 43 50 1/2 1)
(220 71 66 1 0)
(220 74 68 1 0)
(441/2 47 52 1/2 1)
(221 50 54 1/2 1)
(443/2 47 52 1/2 1)
(443/2 71 66 1/2 0)
(443/2 78 70 1/2 0)
(222 55 57 1/2 1)
(222 73 67 1/2 0)
(222 76 69 1/2 0)
(445/2 50 54 1/2 1)
(445/2 73 67 1 0)
(445/2 76 69 1 0)
(223 47 52 1/2 1)
(447/2 50 54 1/2 1)
(447/2 73 67 1/2 0)
(447/2 76 69 1/2 0)
(224 45 51 1/2 1)
(224 74 68 1 0)
(449/2 49 53 1/2 1)
(225 52 55 1/2 1)
(451/2 49 53 1/2 1)
(451/2 74 68 1/2 0)
(451/2 78 70 1/2 0)
(226 57 58 1/2 1)
(226 73 67 1/2 0)
(226 76 69 1/2 0)
(453/2 52 55 1/2 1)
(453/2 73 67 1/2 0)
(453/2 76 69 1/2 0)
(227 49 53 1/2 1)
(227 71 66 1 0)
(227 74 68 1 0)
(455/2 52 55 1/2 1)
(228 47 52 1/2 1)
(228 71 66 2 0)
(228 76 69 1 0)
(457/2 50 54 1/2 1)
(229 54 56 1/2 1)
(229 78 70 1 0)
(459/2 50 54 1/2 1)
(230 59 59 1/2 1)
(230 71 66 1 0)
(230 76 69 1/2 0)
(461/2 54 56 1/2 1)
(461/2 78 70 1/2 0)
(231 50 54 1/2 1)
(231 71 66 1/2 0)
(231 76 69 1/2 0)
(463/2 54 56 1/2 1)
(463/2 74 68 1 0)
(232 50 54 1/2 1)
(465/2 54 56 1/2 1)
(233 57 58 1/2 1)
(233 71 66 1 0)
(233 78 70 1 0)
(467/2 54 56 1/2 1)
(234 62 61 1/2 1)
(234 73 67 1/2 0)
(234 76 69 1/2 0)
(469/2 57 58 1/2 1)
(469/2 73 67 1 0)
(469/2 76 69 1 0)
(235 54 56 1/2 1)
(471/2 57 58 1/2 1)
(471/2 73 67 1/2 0)
(471/2 76 69 1/2 0)
(236 43 50 1/2 1)
(236 71 66 1 0)
(236 74 68 1 0)
(473/2 47 52 1/2 1)
(237 50 54 1/2 1)
(237 74 68 1 0)
(237 78 70 1 0)
(475/2 47 52 1/2 1)
(238 55 57 1/2 1)
(238 74 68 1/2 0)
(238 76 69 1/2 0)
(477/2 50 54 1/2 1)
(477/2 74 68 1 0)
(477/2 76 69 1 0)
(239 47 52 1/2 1)
(479/2 50 54 1/2 1)
(479/2 74 68 1/2 0)
(479/2 76 69 1/2 0)
(240 45 51 1/2 1)
(240 74 68 1/2 0)
(481/2 49 53 1/2 1)
(481/2 69 65 1 0)
(481/2 78 70 1 0)
(241 52 55 1/2 1)
(483/2 49 53 1/2 1)
(483/2 69 65 1 0)
(483/2 76 69 1 0)
(242 57 58 1/2 1)
(485/2 52 55 1/2 1)
(485/2 69 65 1 0)
(485/2 76 69 1 0)
(243 49 53 1/2 1)
(487/2 52 55 1/2 1)
(487/2 74 68 7/2 0)
(244 45 51 1/2 1)
(489/2 49 53 1/2 1)
(245 52 55 1/2 1)
(491/2 49 53 1/2 1)
(246 45 51 2 1)
(246 57 58 2 1)
(247 54 56 1/2 0)
(495/2 57 58 1/2 0)
(248 54 56 2 0)
(248 59 59 2 0)
(248 66 63 1 1)
(248 71 66 1 1)
(248 74 68 1 1)
(249 66 63 1 1)
(249 71 66 1 1)
(249 74 68 1 1)
(250 59 59 1/2 0)
(250 66 63 1 1)
(250 71 66 1 1)
(250 74 68 1 1)
(501/2 61 60 1/2 0)
(251 59 59 1/2 0)
(251 66 63 1 1)
(251 71 66 1 1)
(251 74 68 1 1)
(503/2 57 58 1/2 0)
(252 54 56 1/2 0)
(252 66 63 1 1)
(252 69 65 1 1)
(252 73 67 1 1)
(505/2 57 58 2 0)
(253 66 63 1 1)
(253 69 65 1 1)
(253 73 67 1 1)
(254 66 63 1 1)
(254 69 65 1 1)
(254 73 67 1 1)
(255 54 56 1/2 0)
(255 66 63 1 1)
(255 69 65 1 1)
(255 73 67 1 1)
(511/2 57 58 1/2 0)
(256 59 59 1 0)
(256 66 63 1 1)
(256 71 66 1 1)
(256 74 68 1 1)
(257 59 59 1 0)
(257 66 63 1 1)
(257 71 66 1 1)
(257 74 68 1 1)
(258 59 59 1 0)
(258 66 63 1 1)
(258 71 66 1 1)
(258 74 68 1 1)
(259 62 61 1/2 0)
(259 66 63 1/2 0)
(259 66 63 1 1)
(259 71 66 1 1)
(259 74 68 1 1)
(519/2 62 61 7/2 0)
(519/2 66 63 7/2 0)
(260 69 65 1 1)
(260 74 68 1 1)
(260 78 70 1 1)
(261 69 65 1 1)
(261 74 68 1 1)
(261 78 70 1 1)
(262 69 65 1 1)
(262 74 68 1 1)
(262 78 70 1 1)
(263 54 56 1/2 0)
(263 69 65 1 1)
(263 74 68 1 1)
(263 78 70 1 1)
(527/2 57 58 1/2 0)
(264 54 56 2 0)
(264 59 59 2 0)
(264 66 63 1 1)
(264 71 66 1 1)
(264 74 68 1 1)
(265 66 63 1 1)
(265 71 66 1 1)
(265 74 68 1 1)
(266 59 59 1/2 0)
(266 66 63 1 1)
(266 71 66 1 1)
(266 74 68 1 1)
(533/2 61 60 1/2 0)
(267 59 59 1/2 0)
(267 66 63 1 1)
(267 71 66 1 1)
(267 74 68 1 1)
(535/2 57 58 1/2 0)
(268 54 56 1/2 0)
(268 66 63 1 1)
(268 69 65 1 1)
(268 73 67 1 1)
(537/2 52 55 2 0)
(269 66 63 1 1)
(269 69 65 1 1)
(269 73 67 1 1)
(270 66 63 1 1)
(270 69 65 1 1)
(270 73 67 1 1)
(271 54 56 1/2 0)
(271 66 63 1 1)
(271 69 65 1 1)
(271 73 67 1 1)
(543/2 57 58 1/2 0)
(272 59 59 1 0)
(272 66 63 1 1)
(272 71 66 1 1)
(272 74 68 1 1)
(273 59 59 1 0)
(273 66 63 1 1)
(273 71 66 1 1)
(273 74 68 1 1)
(274 59 59 1 0)
(274 66 63 1 1)
(274 71 66 1 1)
(274 74 68 1 1)
(275 59 59 1/2 0)
(275 62 61 1/2 0)
(275 66 63 1/2 0)
(275 66 63 1 1)
(275 71 66 1 1)
(275 74 68 1 1)
(551/2 59 59 1/2 0)
(551/2 62 61 1/2 0)
(551/2 66 63 1/2 0)
(276 59 59 2 0)
(276 62 61 2 0)
(276 66 63 2 0)
(276 69 65 4 1)
(276 74 68 4 1)
(276 78 70 4 1)
(278 69 65 1/2 0)
(557/2 66 63 1 0)
(559/2 64 62 1/2 0)
(280 42 49 4 1)
(280 47 52 4 1)
(280 52 55 4 1)
(280 62 61 2 0)
(282 62 61 1/2 0)
(282 69 65 1/2 0)
(565/2 62 61 1 0)
(565/2 66 63 1 0)
(567/2 64 62 1/2 0)
(284 45 51 4 1)
(284 52 55 4 1)
(284 57 58 4 1)
(284 62 61 2 0)
(286 61 60 1/2 0)
(286 66 63 1/2 0)
(286 69 65 1/2 0)
(573/2 62 61 1 0)
(573/2 66 63 1 0)
(575/2 61 60 1/2 0)
(575/2 64 62 1/2 0)
(288 42 49 4 1)
(288 49 53 4 1)
(288 54 56 4 1)
(288 59 59 2 0)
(288 62 61 2 0)
(290 59 59 1/2 0)
(290 64 62 1/2 0)
(581/2 59 59 1/2 0)
(581/2 64 62 1/2 0)
(291 59 59 1/2 0)
(291 64 62 1/2 0)
(583/2 59 59 1/2 0)
(583/2 64 62 1/2 0)
(292 47 52 2 1)
(292 54 56 2 1)
(292 59 59 1/2 0)
(292 59 59 2 1)
(292 64 62 1/2 0)
(585/2 59 59 3/2 0)
(585/2 62 61 3/2 0)
(294 45 51 2 1)
(294 52 55 2 1)
(294 57 58 2 1)
(294 61 60 1/2 0)
(294 64 62 1/2 0)
(589/2 61 60 1 0)
(589/2 64 62 1 0)
(591/2 61 60 1/2 0)
(591/2 64 62 1/2 0)
(296 43 50 4 1)
(296 50 54 4 1)
(296 55 57 4 1)
(296 59 59 1 0)
(296 62 61 1 0)
(297 62 61 1 0)
(297 66 63 1 0)
(298 61 60 1/2 0)
(298 64 62 1/2 0)
(597/2 61 60 1 0)
(597/2 64 62 1 0)
(599/2 61 60 1/2 0)
(599/2 64 62 1/2 0)
(300 45 51 4 1)
(300 52 55 4 1)
(300 57 58 4 1)
(300 59 59 1 0)
(300 62 61 1 0)
(301 62 61 1 0)
(301 66 63 1 0)
(302 59 59 2/3 0)
(302 64 62 2/3 0)
(908/3 59 59 2/3 0)
(908/3 64 62 2/3 0)
(910/3 59 59 13/6 0)
(910/3 64 62 13/6 0)
(304 36 46 8 1)
(304 43 50 8 1)
(304 48 53 8 1)
(611/2 62 61 3/2 0)
(307 59 59 5 0)
(312 43 50 1/2 1)
(312 67 64 3/2 0)
(312 71 66 3/2 0)
(312 76 69 1/2 0)
(625/2 47 52 1/2 1)
(625/2 74 68 1 0)
(313 50 54 1/2 1)
(627/2 43 50 1 1)
(627/2 50 54 1 1)
(627/2 55 57 1 1)
(627/2 67 64 3/2 0)
(627/2 71 66 3/2 0)
(627/2 76 69 1/2 0)
(314 74 68 1 0)
(629/2 43 50 1 1)
(629/2 50 54 1 1)
(629/2 55 57 1 1)
(315 67 64 1 0)
(315 71 66 1 0)
(315 74 68 1 0)
(631/2 43 50 1/2 1)
(631/2 55 57 1/2 1)
(316 45 51 1/2 1)
(316 69 65 3/2 0)
(316 73 67 3/2 0)
(316 76 69 1/2 0)
(633/2 49 53 1/2 1)
(633/2 74 68 1 0)
(317 52 55 1/2 1)
(635/2 45 51 1 1)
(635/2 52 55 1 1)
(635/2 57 58 1 1)
(635/2 69 65 3/2 0)
(635/2 73 67 3/2 0)
(635/2 76 69 1/2 0)
(318 74 68 1 0)
(637/2 45 51 1 1)
(637/2 52 55 1 1)
(637/2 57 58 1 1)
(319 69 65 1 0)
(319 74 68 1 0)
(639/2 45 51 1/2 1)
(639/2 57 58 1/2 1)
(320 47 52 1/2 1)
(320 71 66 3/2 0)
(320 76 69 1/2 0)
(641/2 50 54 1/2 1)
(641/2 74 68 1 0)
(321 54 56 1/2 1)
(643/2 50 54 1/2 1)
(643/2 71 66 1/2 0)
(322 47 52 2/3 1)
(322 54 56 2/3 1)
(322 59 59 2/3 1)
(322 64 62 2/3 0)
(322 71 66 2/3 0)
(322 76 69 2/3 0)
(968/3 47 52 2/3 1)
(968/3 54 56 2/3 1)
(968/3 59 59 2/3 1)
(968/3 64 62 2/3 0)
(968/3 71 66 2/3 0)
(968/3 76 69 2/3 0)
(970/3 47 52 2/3 1)
(970/3 54 56 2/3 1)
(970/3 59 59 2/3 1)
(970/3 64 62 14/3 0)
(970/3 71 66 14/3 0)
(970/3 76 69 14/3 0)
(324 38 47 1/2 1)
(649/2 42 49 1/2 1)
(325 45 51 1/2 1)
(651/2 42 49 1/4 1)
(1303/4 45 51 1/4 1)
(326 50 54 1/2 1)
(653/2 45 51 1/2 1)
(327 42 49 1/2 1)
(655/2 45 51 1/2 1)
(328 38 47 1/2 1)
(328 64 62 1 0)
(328 71 66 1 0)
(328 76 69 1 0)
(657/2 42 49 1/2 1)
(329 45 51 1/2 1)
(659/2 42 49 1/2 1)
(659/2 74 68 1/2 0)
(659/2 78 70 1/2 0)
(330 50 54 1/2 1)
(330 73 67 1/2 0)
(330 76 69 1/2 0)
(661/2 45 51 1/2 1)
(661/2 73 67 1 0)
(661/2 76 69 1 0)
(331 42 49 1/2 1)
(663/2 45 51 1/2 1)
(663/2 73 67 1/2 0)
(663/2 76 69 1/2 0)
(332 43 50 3/2 1)
(332 71 66 1 0)
(332 74 68 1 0)
(667/2 43 50 3/2 1)
(667/2 47 52 3/2 1)
(667/2 50 54 3/2 1)
(667/2 55 57 3/2 1)
(667/2 71 66 1/2 0)
(667/2 78 70 1/2 0)
(334 73 67 1/2 0)
(334 76 69 1/2 0)
(669/2 73 67 1 0)
(669/2 76 69 1 0)
(335 43 50 1 1)
(335 47 52 1 1)
(335 50 54 1 1)
(335 55 57 1 1)
(671/2 73 67 1/2 0)
(671/2 76 69 1/2 0)
(336 45 51 3/2 1)
(336 74 68 1 0)
(675/2 45 51 3/2 1)
(675/2 49 53 3/2 1)
(675/2 52 55 3/2 1)
(675/2 57 58 3/2 1)
(675/2 71 66 1/2 0)
(675/2 78 70 1/2 0)
(338 73 67 1/2 0)
(338 76 69 1/2 0)
(677/2 73 67 1/2 0)
(677/2 76 69 1/2 0)
(339 45 51 1 1)
(339 49 53 1 1)
(339 52 55 1 1)
(339 57 58 1 1)
(339 71 66 1 0)
(339 74 68 1 0)
(340 47 52 3/2 1)
(340 71 66 2 0)
(340 76 69 1 0)
(341 78 70 1 0)
(683/2 47 52 3/2 1)
(683/2 50 54 3/2 1)
(683/2 54 56 3/2 1)
(683/2 59 59 3/2 1)
(342 71 66 1 0)
(342 76 69 1/2 0)
(685/2 78 70 1/2 0)
(343 47 52 1 1)
(343 50 54 1 1)
(343 54 56 1 1)
(343 59 59 1 1)
(343 71 66 1/2 0)
(343 76 69 1/2 0)
(687/2 74 68 1 0)
(344 50 54 3/2 1)
(345 74 68 1 0)
(345 78 70 1 0)
(691/2 50 54 3/2 1)
(691/2 54 56 3/2 1)
(691/2 57 58 3/2 1)
(691/2 62 61 3/2 1)
(346 73 67 1/2 0)
(346 76 69 1/2 0)
(693/2 73 67 1 0)
(693/2 76 69 1 0)
(347 50 54 1 1)
(347 54 56 1 1)
(347 57 58 1 1)
(347 62 61 1 1)
(695/2 73 67 1/2 0)
(695/2 76 69 1/2 0)
(348 43 50 3/2 1)
(348 71 66 1 0)
(348 74 68 1 0)
(349 71 66 1 0)
(349 78 70 1 0)
(699/2 43 50 3/2 1)
(699/2 47 52 3/2 1)
(699/2 50 54 3/2 1)
(699/2 55 57 3/2 1)
(350 73 67 1/2 0)
(350 76 69 1/2 0)
(701/2 73 67 1 0)
(701/2 76 69 1 0)
(351 43 50 1 1)
(351 47 52 1 1)
(351 50 54 1 1)
(351 55 57 1 1)
(703/2 73 67 1/2 0)
(703/2 76 69 1/2 0)
(352 45 51 3/2 1)
(352 71 66 1/2 0)
(352 74 68 1/2 0)
(705/2 71 66 1 0)
(705/2 78 70 1 0)
(707/2 45 51 3/2 1)
(707/2 49 53 3/2 1)
(707/2 52 55 3/2 1)
(707/2 57 58 3/2 1)
(707/2 69 65 1 0)
(707/2 73 67 1 0)
(707/2 76 69 1 0)
(709/2 69 65 3/2 0)
(709/2 73 67 3/2 0)
(709/2 76 69 3/2 0)
(355 45 51 1 1)
(355 49 53 1 1)
(355 52 55 1 1)
(355 57 58 1 1)
(356 47 52 3/2 1)
(356 71 66 5 0)
(356 74 68 5 0)
(715/2 47 52 3/2 1)
(715/2 50 54 3/2 1)
(715/2 54 56 3/2 1)
(715/2 59 59 3/2 1)
(359 47 52 1 1)
(359 50 54 1 1)
(359 54 56 1 1)
(359 59 59 1 1)
(360 31 43 3/2 1)
(723/2 31 43 3/2 1)
(723/2 35 45 3/2 1)
(723/2 38 47 3/2 1)
(723/2 43 50 3/2 1)
(723/2 66 63 1/2 0)
(723/2 78 70 1/2 0)
(362 64 62 1/2 0)
(362 76 69 1/2 0)
(725/2 64 62 1 0)
(725/2 76 69 1 0)
(363 31 43 1 1)
(363 35 45 1 1)
(363 38 47 1 1)
(363 43 50 1 1)
(727/2 64 62 1/2 0)
(727/2 76 69 1/2 0)
(364 33 44 3/2 1)
(364 62 61 3/2 0)
(364 74 68 3/2 0)
(731/2 33 44 3/2 1)
(731/2 37 46 3/2 1)
(731/2 40 48 3/2 1)
(731/2 45 51 3/2 1)
(731/2 66 63 1/2 0)
(731/2 78 70 1/2 0)
(366 64 62 1/2 0)
(366 76 69 1/2 0)
(733/2 64 62 1 0)
(733/2 76 69 1 0)
(367 33 44 1 1)
(367 37 46 1 1)
(367 40 48 1 1)
(367 45 51 1 1)
(735/2 64 62 1/2 0)
(735/2 76 69 1/2 0)
(368 35 45 3/2 1)
(368 62 61 3/2 0)
(368 74 68 3/2 0)
(739/2 35 45 3/2 1)
(739/2 38 47 3/2 1)
(739/2 42 49 3/2 1)
(739/2 47 52 3/2 1)
(739/2 66 63 1/2 0)
(739/2 78 70 1/2 0)
(370 64 62 1/2 0)
(370 76 69 1/2 0)
(741/2 64 62 1 0)
(741/2 76 69 1 0)
(371 35 45 1 1)
(371 38 47 1 1)
(371 42 49 1 1)
(371 47 52 1 1)
(743/2 64 62 7/2 0)
(743/2 76 69 7/2 0)
(372 35 45 3/2 1)
(747/2 35 45 3/2 1)
(747/2 38 47 3/2 1)
(747/2 42 49 3/2 1)
(747/2 47 52 3/2 1)
(375 35 45 1 1)
(375 38 47 1 1)
(375 42 49 1 1)
(375 47 52 1 1)
(375 62 61 2 0)
(375 74 68 2 0)
(376 31 43 3/2 1)
(755/2 31 43 3/2 1)
(755/2 35 45 3/2 1)
(755/2 38 47 3/2 1)
(755/2 43 50 3/2 1)
(755/2 66 63 1/2 0)
(755/2 78 70 1/2 0)
(378 64 62 1/2 0)
(378 76 69 1/2 0)
(757/2 64 62 1 0)
(757/2 76 69 1 0)
(379 31 43 1 1)
(379 35 45 1 1)
(379 38 47 1 1)
(379 43 50 1 1)
(759/2 64 62 1/2 0)
(759/2 76 69 1/2 0)
(380 33 44 3/2 1)
(380 62 61 3/2 0)
(380 74 68 3/2 0)
(763/2 33 44 3/2 1)
(763/2 37 46 3/2 1)
(763/2 40 48 3/2 1)
(763/2 45 51 3/2 1)
(763/2 66 63 1/2 0)
(763/2 78 70 1/2 0)
(382 64 62 1/2 0)
(382 76 69 1/2 0)
(765/2 64 62 1 0)
(765/2 76 69 1 0)
(383 33 44 1 1)
(383 37 46 1 1)
(383 40 48 1 1)
(383 45 51 1 1)
(767/2 64 62 1/2 0)
(767/2 76 69 1/2 0)
(384 35 45 3/2 1)
(384 62 61 11/2 0)
(384 74 68 11/2 0)
(771/2 35 45 3/2 1)
(771/2 38 47 3/2 1)
(771/2 42 49 3/2 1)
(771/2 47 52 3/2 1)
(387 35 45 5 1)
(387 38 47 5 1)
(387 42 49 5 1)
(387 47 52 5 1)
(779/2 57 58 1/2 0)
(779/2 69 65 1/2 0)
(390 57 58 1/2 0)
(390 64 62 1/2 0)
(781/2 57 58 1 0)
(781/2 64 62 1 0)
(783/2 57 58 1/2 0)
(783/2 64 62 1/2 0)
(392 38 47 4 1)
(392 43 50 4 1)
(392 50 54 4 1)
(392 57 58 3/2 0)
(392 62 61 3/2 0)
(787/2 57 58 1/2 0)
(787/2 69 65 1/2 0)
(394 57 58 1/2 0)
(394 64 62 1/2 0)
(789/2 57 58 1 0)
(789/2 64 62 1 0)
(791/2 57 58 2 0)
(791/2 64 62 1/2 0)
(396 40 48 4 1)
(396 45 51 4 1)
(396 52 55 4 1)
(396 62 61 3/2 0)
(398 57 58 2/3 0)
(398 64 62 2/3 0)
(1196/3 57 58 2/3 0)
(1196/3 64 62 2/3 0)
(1198/3 57 58 26/3 0)
(1198/3 64 62 26/3 0)
(400 42 49 7/2 1)
(400 47 52 7/2 1)
(400 50 54 7/2 1)
(400 54 56 7/2 1)
(807/2 35 45 1/2 1)
(404 35 45 4 1)
